(u'4447', [97, 28, 21, 20, 35, 87])
(u'965', [224, 64, 57, 46, 80, 174])
(u'4027', [104, 31, 28, 23, 28, 64])
(u'4025', [108, 29, 25, 20, 38, 98])
(u'4023', [73, 21, 16, 21, 20, 32])
(u'4021', [104, 32, 19, 26, 38, 51])
(u'1868', [165, 56, 41, 30, 51, 128])
(u'4029', [92, 27, 27, 19, 24, 73])
(u'592', [248, 72, 70, 73, 69, 148])
(u'345', [326, 109, 77, 91, 103, 202])
(u'347', [341, 101, 96, 97, 117, 205])
(u'341', [324, 112, 81, 75, 114, 288])
(u'3998', [109, 29, 22, 32, 31, 58])
(u'3996', [95, 43, 24, 9, 32, 57])
(u'3994', [111, 35, 27, 27, 35, 98])
(u'349', [313, 109, 70, 79, 106, 192])
(u'3990', [82, 26, 13, 21, 28, 69])
(u'4931', [85, 29, 14, 19, 29, 69])
(u'967', [196, 62, 37, 49, 63, 151])
(u'4933', [86, 22, 21, 28, 20, 66])
(u'961', [209, 61, 49, 54, 66, 118])
(u'4733', [94, 30, 21, 16, 37, 36])
(u'4731', [103, 30, 18, 22, 38, 49])
(u'4737', [109, 29, 26, 22, 36, 91])
(u'2319', [139, 52, 24, 29, 48, 82])
(u'2317', [147, 48, 29, 40, 38, 75])
(u'2315', [127, 48, 38, 27, 29, 75])
(u'2313', [131, 36, 25, 36, 40, 50])
(u'2311', [129, 35, 23, 32, 49, 74])
(u'2184', [143, 54, 28, 31, 40, 83])
(u'299', [316, 110, 72, 97, 121, 197])
(u'297', [336, 128, 71, 73, 116, 196])
(u'295', [358, 115, 98, 88, 117, 204])
(u'293', [351, 117, 94, 97, 112, 344])
(u'291', [363, 122, 91, 89, 131, 215])
(u'3772', [110, 26, 24, 30, 35, 61])
(u'3770', [123, 40, 39, 32, 26, 68])
(u'3776', [95, 39, 17, 20, 22, 54])
(u'3774', [109, 35, 27, 11, 41, 83])
(u'3778', [111, 41, 29, 25, 26, 97])
(u'3686', [98, 30, 23, 19, 35, 78])
(u'271', [360, 149, 97, 96, 96, 220])
(u'273', [327, 125, 86, 79, 106, 195])
(u'275', [360, 144, 90, 83, 127, 221])
(u'277', [365, 144, 70, 99, 131, 317])
(u'279', [352, 130, 85, 91, 116, 299])
(u'4836', [90, 26, 18, 25, 25, 49])
(u'4658', [85, 19, 29, 23, 19, 45])
(u'2814', [127, 40, 26, 28, 43, 63])
(u'2146', [164, 55, 32, 41, 48, 145])
(u'581', [279, 81, 73, 68, 90, 163])
(u'2269', [138, 50, 35, 26, 42, 70])
(u'2263', [127, 43, 33, 26, 31, 84])
(u'2261', [122, 37, 23, 29, 40, 70])
(u'2267', [131, 46, 31, 31, 33, 101])
(u'2265', [129, 40, 34, 24, 39, 58])
(u'2443', [127, 37, 34, 26, 44, 57])
(u'2441', [135, 46, 21, 28, 47, 66])
(u'1781', [174, 57, 38, 41, 58, 98])
(u'2447', [132, 42, 31, 24, 41, 68])
(u'2445', [139, 50, 37, 28, 35, 107])
(u'2449', [143, 39, 27, 34, 50, 77])
(u'109', [491, 193, 148, 149, 188, 347])
(u'598', [245, 82, 52, 63, 86, 137])
(u'103', [499, 181, 139, 144, 201, 502])
(u'101', [528, 190, 170, 123, 219, 361])
(u'107', [496, 205, 138, 141, 191, 336])
(u'105', [524, 195, 158, 161, 187, 328])
(u'4812', [88, 24, 13, 26, 27, 47])
(u'2045', [146, 43, 29, 32, 54, 73])
(u'2043', [147, 41, 36, 34, 51, 80])
(u'4814', [119, 38, 23, 27, 38, 57])
(u'2188', [143, 41, 29, 38, 46, 111])
(u'4818', [102, 36, 24, 19, 35, 56])
(u'1297', [172, 54, 42, 39, 53, 87])
(u'2049', [151, 49, 36, 34, 44, 113])
(u'3150', [119, 39, 31, 28, 33, 56])
(u'4645', [109, 40, 25, 26, 29, 90])
(u'4872', [102, 29, 23, 23, 33, 85])
(u'2838', [116, 32, 23, 31, 36, 59])
(u'4140', [103, 36, 23, 16, 35, 62])
(u'4843', [88, 29, 21, 21, 22, 81])
(u'3518', [110, 41, 20, 28, 29, 58])
(u'3512', [101, 23, 22, 30, 32, 84])
(u'3510', [104, 36, 26, 20, 26, 89])
(u'3516', [92, 30, 19, 14, 37, 76])
(u'3514', [110, 39, 23, 26, 30, 53])
(u'2689', [139, 38, 29, 36, 44, 67])
(u'2685', [121, 36, 26, 22, 40, 100])
(u'2687', [150, 45, 34, 32, 51, 70])
(u'2681', [133, 45, 32, 18, 46, 72])
(u'2683', [131, 40, 29, 35, 37, 68])
(u'3390', [123, 36, 22, 29, 43, 102])
(u'343', [323, 108, 67, 91, 121, 285])
(u'98', [500, 200, 146, 150, 162, 469])
(u'3019', [135, 32, 29, 37, 44, 117])
(u'90', [571, 223, 180, 143, 244, 559])
(u'92', [520, 219, 150, 135, 202, 370])
(u'94', [528, 183, 165, 161, 209, 514])
(u'96', [548, 224, 130, 170, 220, 540])
(u'1990', [166, 40, 30, 40, 71, 119])
(u'1992', [165, 49, 44, 42, 45, 132])
(u'1626', [183, 50, 43, 42, 60, 137])
(u'3200', [115, 26, 27, 32, 39, 89])
(u'1998', [144, 54, 29, 36, 45, 140])
(u'1628', [176, 58, 34, 46, 62, 107])
(u'3208', [123, 33, 25, 32, 37, 67])
(u'1787', [160, 41, 46, 45, 47, 94])
(u'4526', [92, 23, 23, 25, 30, 48])
(u'2861', [121, 34, 27, 28, 40, 84])
(u'2863', [113, 33, 22, 24, 36, 74])
(u'558', [243, 84, 56, 60, 89, 223])
(u'2867', [115, 36, 23, 26, 41, 62])
(u'554', [243, 74, 54, 64, 85, 213])
(u'556', [246, 79, 57, 62, 85, 136])
(u'550', [284, 119, 66, 58, 98, 249])
(u'552', [282, 70, 75, 78, 101, 171])
(u'2744', [134, 44, 33, 27, 42, 100])
(u'1198', [176, 58, 36, 45, 58, 93])
(u'3349', [133, 41, 31, 26, 46, 116])
(u'1190', [185, 49, 43, 41, 78, 109])
(u'1192', [196, 57, 58, 44, 59, 102])
(u'3347', [109, 38, 16, 24, 41, 96])
(u'3345', [139, 44, 30, 30, 40, 81])
(u'1758', [159, 44, 45, 33, 54, 132])
(u'1756', [151, 48, 39, 34, 43, 125])
(u'4524', [112, 39, 24, 24, 30, 83])
(u'1752', [174, 63, 46, 41, 51, 142])
(u'1750', [160, 49, 45, 35, 45, 124])
(u'4258', [79, 28, 22, 13, 21, 58])
(u'1174', [197, 61, 52, 48, 54, 97])
(u'1172', [185, 70, 35, 55, 52, 106])
(u'1170', [207, 55, 54, 52, 66, 109])
(u'4250', [109, 34, 24, 26, 32, 64])
(u'4252', [108, 34, 25, 20, 36, 89])
(u'4254', [100, 33, 24, 23, 31, 87])
(u'1178', [187, 58, 39, 45, 64, 165])
(u'1006', [210, 61, 46, 53, 70, 113])
(u'644', [231, 82, 49, 56, 84, 214])
(u'1284', [173, 57, 41, 41, 51, 154])
(u'1286', [190, 72, 43, 33, 55, 109])
(u'1280', [175, 47, 33, 46, 62, 90])
(u'1282', [192, 56, 48, 47, 70, 191])
(u'879', [215, 63, 53, 48, 81, 132])
(u'1288', [154, 54, 30, 31, 61, 91])
(u'1002', [193, 70, 56, 30, 61, 160])
(u'1578', [163, 50, 38, 43, 53, 91])
(u'688', [232, 69, 61, 56, 81, 122])
(u'3431', [114, 32, 22, 19, 51, 58])
(u'684', [220, 64, 68, 53, 76, 138])
(u'686', [222, 90, 52, 53, 63, 137])
(u'1576', [174, 54, 41, 40, 59, 94])
(u'1574', [142, 43, 25, 36, 58, 87])
(u'875', [211, 67, 41, 54, 77, 118])
(u'2818', [127, 42, 27, 30, 36, 101])
(u'1226', [181, 44, 61, 35, 59, 92])
(u'4971', [104, 31, 27, 33, 22, 56])
(u'620', [266, 99, 62, 65, 87, 222])
(u'871', [190, 67, 55, 45, 56, 161])
(u'1222', [166, 61, 32, 38, 48, 147])
(u'4388', [95, 27, 27, 18, 27, 80])
(u'4593', [79, 22, 21, 17, 25, 40])
(u'4382', [102, 34, 20, 25, 28, 69])
(u'1220', [213, 62, 51, 44, 80, 197])
(u'4386', [82, 24, 23, 15, 26, 40])
(u'4384', [101, 37, 20, 24, 25, 67])
(u'1370', [171, 63, 30, 33, 60, 97])
(u'404', [292, 87, 73, 72, 110, 249])
(u'1374', [177, 47, 45, 41, 61, 100])
(u'400', [284, 107, 76, 61, 101, 172])
(u'1378', [162, 56, 33, 35, 58, 93])
(u'1219', [167, 51, 50, 35, 51, 91])
(u'4849', [110, 35, 26, 18, 35, 86])
(u'3835', [106, 30, 19, 26, 35, 62])
(u'3837', [111, 40, 25, 27, 24, 97])
(u'3831', [123, 41, 24, 26, 41, 59])
(u'3833', [127, 31, 38, 31, 39, 63])
(u'4973', [108, 33, 32, 22, 24, 88])
(u'3839', [91, 32, 22, 19, 24, 65])
(u'455', [252, 95, 55, 57, 101, 252])
(u'4030', [118, 38, 28, 23, 37, 91])
(u'4032', [106, 27, 18, 28, 40, 61])
(u'4034', [94, 31, 19, 22, 27, 86])
(u'4036', [119, 43, 23, 28, 35, 60])
(u'4038', [106, 30, 22, 29, 28, 56])
(u'1228', [178, 63, 33, 40, 56, 140])
(u'3796', [111, 39, 24, 20, 33, 82])
(u'4847', [99, 39, 18, 17, 30, 70])
(u'4735', [110, 29, 22, 28, 41, 50])
(u'378', [305, 89, 85, 79, 105, 295])
(u'370', [299, 100, 78, 79, 94, 167])
(u'372', [307, 109, 74, 80, 102, 184])
(u'374', [308, 97, 89, 90, 97, 266])
(u'376', [327, 116, 85, 83, 108, 199])
(u'4739', [80, 25, 22, 13, 21, 43])
(u'2061', [147, 39, 35, 33, 48, 82])
(u'392', [314, 112, 80, 76, 102, 265])
(u'390', [312, 108, 89, 83, 91, 314])
(u'396', [284, 96, 70, 73, 89, 278])
(u'394', [284, 96, 65, 77, 86, 270])
(u'398', [299, 94, 84, 74, 98, 194])
(u'2308', [133, 46, 27, 35, 38, 70])
(u'4728', [100, 35, 18, 13, 37, 76])
(u'2300', [133, 41, 40, 27, 37, 129])
(u'4726', [87, 28, 16, 23, 26, 43])
(u'4720', [109, 25, 36, 27, 25, 85])
(u'4722', [98, 32, 19, 23, 33, 53])
(u'4676', [99, 37, 23, 24, 22, 56])
(u'4696', [87, 26, 17, 18, 31, 47])
(u'2746', [112, 43, 19, 23, 37, 101])
(u'4919', [93, 20, 28, 19, 33, 74])
(u'963', [204, 66, 55, 50, 53, 157])
(u'3749', [117, 44, 24, 20, 38, 91])
(u'3747', [95, 37, 15, 26, 28, 49])
(u'3745', [106, 40, 27, 23, 29, 64])
(u'3743', [104, 33, 24, 25, 31, 56])
(u'3741', [114, 30, 19, 35, 33, 83])
(u'4621', [106, 38, 23, 21, 29, 90])
(u'246', [391, 149, 101, 90, 145, 245])
(u'4625', [98, 27, 20, 29, 29, 83])
(u'4627', [78, 25, 17, 21, 22, 33])
(u'4629', [89, 29, 23, 16, 31, 44])
(u'248', [362, 132, 88, 103, 136, 245])
(u'2274', [141, 36, 36, 41, 40, 78])
(u'2276', [138, 35, 24, 37, 50, 79])
(u'2270', [135, 49, 28, 32, 39, 68])
(u'2272', [153, 45, 37, 43, 46, 133])
(u'2278', [148, 46, 26, 34, 52, 103])
(u'3590', [114, 28, 27, 22, 48, 89])
(u'2669', [140, 47, 22, 32, 52, 105])
(u'2458', [143, 43, 43, 23, 45, 86])
(u'723', [230, 85, 51, 65, 71, 135])
(u'2454', [130, 35, 38, 26, 41, 101])
(u'2456', [128, 50, 25, 30, 31, 107])
(u'2450', [134, 49, 36, 29, 32, 64])
(u'2452', [138, 31, 30, 38, 45, 81])
(u'2155', [159, 57, 33, 42, 45, 132])
(u'178', [436, 165, 130, 93, 160, 398])
(u'176', [423, 175, 110, 101, 152, 261])
(u'174', [437, 164, 108, 129, 162, 283])
(u'172', [451, 177, 116, 119, 181, 302])
(u'170', [430, 173, 106, 113, 149, 254])
(u'3455', [117, 33, 25, 28, 36, 99])
(u'2052', [145, 38, 36, 39, 40, 74])
(u'2054', [139, 49, 25, 33, 43, 70])
(u'4829', [91, 30, 17, 22, 26, 46])
(u'2058', [147, 44, 33, 33, 48, 110])
(u'3693', [93, 30, 25, 16, 27, 84])
(u'4531', [85, 30, 16, 18, 29, 47])
(u'3697', [90, 35, 16, 21, 27, 46])
(u'655', [224, 78, 67, 55, 62, 124])
(u'1507', [167, 50, 39, 33, 55, 86])
(u'3226', [88, 29, 17, 21, 25, 42])
(u'1505', [177, 52, 41, 41, 59, 144])
(u'3527', [104, 31, 24, 24, 34, 79])
(u'3525', [122, 32, 32, 28, 36, 58])
(u'3523', [125, 29, 21, 31, 47, 93])
(u'3521', [112, 41, 20, 30, 30, 95])
(u'3529', [123, 37, 29, 27, 36, 73])
(u'1509', [143, 47, 34, 37, 43, 82])
(u'4654', [91, 27, 17, 20, 31, 42])
(u'4656', [86, 37, 16, 19, 17, 43])
(u'4539', [106, 27, 28, 18, 41, 59])
(u'2698', [112, 36, 22, 29, 41, 92])
(u'2696', [136, 40, 40, 35, 30, 80])
(u'2694', [136, 40, 25, 28, 53, 88])
(u'2692', [136, 38, 32, 37, 39, 68])
(u'2690', [102, 40, 22, 25, 26, 60])
(u'1974', [147, 56, 25, 30, 50, 83])
(u'4652', [106, 34, 26, 19, 31, 79])
(u'3220', [112, 30, 34, 25, 30, 53])
(u'3673', [99, 30, 23, 18, 36, 53])
(u'1606', [169, 60, 30, 35, 51, 82])
(u'3233', [106, 35, 23, 22, 35, 88])
(u'3671', [109, 31, 26, 24, 33, 62])
(u'1969', [172, 56, 40, 38, 47, 82])
(u'3235', [120, 30, 29, 22, 46, 92])
(u'1617', [170, 51, 34, 37, 66, 95])
(u'1615', [156, 52, 37, 30, 57, 121])
(u'1613', [134, 44, 31, 31, 37, 102])
(u'1611', [174, 55, 39, 41, 51, 93])
(u'1985', [148, 39, 38, 28, 52, 129])
(u'2063', [134, 45, 25, 32, 50, 76])
(u'3675', [116, 35, 36, 18, 32, 92])
(u'2872', [111, 39, 18, 24, 41, 107])
(u'2870', [105, 40, 17, 24, 28, 72])
(u'2876', [109, 33, 21, 23, 43, 55])
(u'2874', [136, 38, 32, 35, 43, 77])
(u'2153', [135, 33, 25, 31, 55, 107])
(u'2878', [117, 38, 33, 20, 35, 61])
(u'3354', [109, 33, 25, 22, 31, 54])
(u'3356', [122, 37, 25, 24, 40, 57])
(u'3350', [117, 39, 33, 21, 33, 61])
(u'3352', [119, 28, 24, 38, 35, 100])
(u'2090', [126, 44, 34, 34, 35, 67])
(u'3358', [117, 37, 25, 29, 37, 93])
(u'3781', [125, 48, 21, 26, 34, 95])
(u'4535', [85, 31, 16, 17, 27, 59])
(u'1769', [156, 45, 34, 34, 54, 111])
(u'1763', [157, 51, 32, 29, 60, 120])
(u'1761', [168, 60, 40, 34, 52, 89])
(u'1767', [155, 49, 34, 30, 55, 87])
(u'1765', [137, 41, 33, 27, 49, 99])
(u'1143', [211, 61, 38, 67, 73, 169])
(u'1141', [191, 59, 41, 53, 56, 95])
(u'1147', [197, 64, 46, 45, 67, 157])
(u'2964', [123, 49, 17, 33, 34, 67])
(u'1149', [187, 67, 42, 39, 62, 171])
(u'2966', [112, 30, 25, 20, 45, 51])
(u'4982', [92, 23, 24, 21, 30, 75])
(u'693', [246, 82, 65, 56, 71, 207])
(u'691', [228, 73, 52, 61, 73, 135])
(u'697', [245, 74, 65, 56, 88, 241])
(u'695', [230, 78, 57, 54, 65, 134])
(u'4537', [97, 21, 21, 22, 37, 43])
(u'699', [229, 68, 51, 59, 81, 119])
(u'1549', [161, 66, 30, 34, 48, 95])
(u'543', [258, 99, 66, 63, 77, 218])
(u'541', [281, 109, 70, 67, 95, 190])
(u'547', [273, 114, 68, 58, 92, 162])
(u'545', [241, 82, 54, 59, 83, 214])
(u'549', [226, 76, 52, 54, 78, 136])
(u'761', [236, 69, 59, 52, 89, 211])
(u'2968', [104, 31, 24, 26, 32, 85])
(u'765', [227, 78, 55, 56, 76, 134])
(u'2799', [125, 41, 26, 30, 35, 68])
(u'415', [306, 105, 74, 78, 105, 257])
(u'417', [302, 97, 67, 77, 108, 178])
(u'411', [291, 97, 72, 73, 100, 249])
(u'413', [310, 110, 78, 56, 112, 167])
(u'1385', [175, 56, 39, 45, 54, 105])
(u'1387', [168, 52, 37, 35, 57, 87])
(u'419', [303, 100, 68, 78, 105, 258])
(u'1383', [173, 55, 49, 41, 52, 94])
(u'3826', [102, 27, 21, 26, 30, 72])
(u'3824', [104, 26, 21, 21, 43, 50])
(u'3822', [103, 36, 21, 21, 31, 55])
(u'3820', [120, 29, 29, 26, 44, 58])
(u'3828', [113, 44, 26, 29, 28, 65])
(u'3183', [112, 30, 27, 29, 33, 96])
(u'2768', [133, 44, 31, 30, 36, 84])
(u'2438', [136, 41, 29, 26, 52, 110])
(u'4283', [88, 19, 26, 21, 24, 71])
(u'4281', [111, 40, 28, 23, 26, 64])
(u'4287', [97, 26, 21, 21, 34, 55])
(u'4285', [105, 28, 27, 23, 33, 76])
(u'4289', [111, 43, 28, 21, 29, 51])
(u'2403', [124, 31, 39, 29, 35, 71])
(u'369', [329, 133, 72, 79, 112, 327])
(u'367', [291, 94, 74, 81, 94, 168])
(u'365', [327, 133, 79, 61, 120, 187])
(u'363', [301, 102, 73, 88, 112, 196])
(u'361', [306, 115, 72, 87, 96, 184])
(u'1945', [151, 50, 26, 37, 49, 115])
(u'381', [333, 107, 89, 89, 114, 223])
(u'383', [337, 111, 79, 91, 117, 283])
(u'385', [307, 109, 75, 86, 96, 191])
(u'387', [321, 108, 79, 74, 118, 311])
(u'389', [296, 92, 86, 72, 107, 158])
(u'3215', [101, 28, 22, 19, 36, 54])
(u'4759', [86, 28, 14, 26, 23, 69])
(u'1369', [170, 52, 32, 42, 58, 137])
(u'4751', [98, 27, 23, 17, 38, 74])
(u'4753', [96, 33, 22, 21, 26, 51])
(u'4755', [87, 33, 16, 15, 27, 72])
(u'4757', [95, 32, 24, 25, 26, 59])
(u'3758', [100, 31, 22, 22, 30, 75])
(u'3750', [104, 28, 20, 25, 34, 60])
(u'3752', [109, 38, 29, 26, 25, 50])
(u'3754', [110, 35, 23, 28, 39, 110])
(u'3756', [95, 23, 28, 20, 34, 58])
(u'2191', [136, 46, 29, 32, 41, 109])
(u'2193', [143, 50, 24, 34, 47, 118])
(u'2195', [128, 50, 24, 31, 33, 79])
(u'2197', [136, 46, 20, 40, 41, 80])
(u'2199', [151, 51, 37, 32, 43, 110])
(u'251', [405, 149, 109, 101, 144, 362])
(u'257', [364, 132, 91, 90, 127, 218])
(u'255', [366, 130, 101, 97, 124, 207])
(u'2201', [166, 52, 39, 44, 40, 100])
(u'2203', [136, 52, 37, 31, 29, 102])
(u'2205', [133, 46, 27, 23, 45, 125])
(u'2207', [149, 33, 34, 35, 60, 89])
(u'2209', [133, 44, 34, 30, 35, 65])
(u'2429', [129, 43, 31, 31, 43, 62])
(u'2047', [155, 49, 35, 39, 53, 153])
(u'2421', [140, 35, 36, 38, 43, 63])
(u'2423', [124, 32, 32, 35, 35, 105])
(u'2425', [131, 47, 32, 22, 38, 92])
(u'2427', [122, 44, 31, 30, 29, 108])
(u'2432', [133, 45, 39, 19, 39, 105])
(u'1848', [161, 47, 35, 42, 44, 146])
(u'169', [427, 127, 127, 118, 147, 383])
(u'165', [431, 148, 110, 111, 172, 269])
(u'167', [428, 175, 126, 129, 150, 444])
(u'161', [419, 152, 109, 102, 158, 366])
(u'163', [450, 163, 113, 114, 179, 285])
(u'4838', [94, 21, 31, 19, 30, 73])
(u'3688', [103, 33, 25, 22, 36, 95])
(u'4528', [98, 35, 18, 22, 34, 50])
(u'4830', [107, 40, 20, 28, 24, 80])
(u'4832', [97, 29, 24, 21, 30, 54])
(u'4522', [99, 36, 21, 21, 25, 55])
(u'4520', [93, 20, 26, 27, 23, 50])
(u'2519', [133, 38, 27, 24, 50, 66])
(u'4423', [102, 30, 15, 29, 34, 52])
(u'2515', [141, 37, 33, 35, 54, 80])
(u'2517', [124, 45, 28, 24, 41, 67])
(u'2511', [148, 42, 34, 27, 54, 133])
(u'2513', [128, 36, 35, 24, 44, 119])
(u'2735', [126, 36, 22, 31, 49, 108])
(u'2737', [108, 33, 23, 22, 40, 64])
(u'2731', [122, 39, 24, 28, 41, 60])
(u'2733', [115, 32, 28, 19, 40, 63])
(u'2739', [107, 31, 23, 29, 27, 58])
(u'1846', [163, 48, 37, 39, 52, 128])
(u'3530', [116, 32, 25, 29, 39, 68])
(u'3532', [128, 40, 28, 30, 37, 105])
(u'3534', [105, 34, 20, 19, 39, 86])
(u'3536', [109, 35, 25, 20, 40, 97])
(u'3538', [113, 37, 28, 35, 25, 81])
(u'1844', [135, 38, 27, 33, 42, 75])
(u'905', [224, 75, 55, 52, 72, 187])
(u'1815', [155, 49, 41, 32, 48, 87])
(u'1817', [146, 54, 24, 29, 60, 83])
(u'1811', [142, 53, 34, 32, 41, 121])
(u'1813', [145, 50, 36, 37, 39, 67])
(u'4339', [102, 27, 27, 20, 29, 56])
(u'1819', [142, 41, 38, 36, 41, 116])
(u'1107', [169, 49, 33, 41, 74, 147])
(u'675', [257, 84, 61, 56, 89, 202])
(u'725', [245, 82, 61, 66, 75, 129])
(u'677', [262, 91, 63, 66, 87, 149])
(u'4333', [112, 39, 25, 29, 29, 84])
(u'2164', [138, 50, 33, 24, 43, 64])
(u'673', [239, 92, 51, 43, 92, 193])
(u'1608', [180, 52, 43, 44, 60, 107])
(u'4951', [96, 28, 23, 25, 28, 90])
(u'3228', [115, 53, 22, 24, 26, 91])
(u'1978', [160, 45, 29, 42, 53, 84])
(u'1086', [196, 61, 43, 39, 83, 114])
(u'3224', [132, 44, 30, 25, 41, 74])
(u'1602', [163, 63, 35, 41, 44, 98])
(u'1972', [149, 47, 36, 30, 57, 133])
(u'1970', [140, 42, 41, 25, 46, 107])
(u'808', [224, 71, 61, 56, 68, 129])
(u'802', [225, 80, 52, 54, 63, 188])
(u'800', [226, 88, 52, 49, 62, 124])
(u'806', [224, 72, 49, 54, 85, 132])
(u'804', [193, 64, 51, 56, 64, 118])
(u'2849', [139, 43, 37, 19, 44, 74])
(u'2847', [148, 43, 30, 42, 46, 87])
(u'2845', [129, 35, 24, 30, 47, 68])
(u'2843', [111, 28, 27, 23, 38, 52])
(u'2841', [120, 34, 18, 31, 46, 72])
(u'3321', [123, 38, 25, 25, 38, 90])
(u'3323', [123, 42, 26, 21, 41, 100])
(u'3325', [92, 31, 21, 17, 31, 44])
(u'3327', [120, 36, 27, 26, 37, 60])
(u'1624', [177, 58, 39, 41, 54, 152])
(u'3329', [101, 31, 26, 28, 24, 79])
(u'3589', [110, 31, 25, 27, 39, 69])
(u'1774', [147, 42, 28, 35, 58, 76])
(u'1776', [163, 52, 33, 38, 59, 94])
(u'1770', [156, 45, 31, 38, 53, 101])
(u'1772', [140, 44, 29, 35, 46, 114])
(u'1778', [172, 52, 32, 48, 57, 129])
(u'3972', [118, 38, 31, 23, 33, 61])
(u'327', [326, 112, 84, 68, 123, 281])
(u'1158', [185, 56, 44, 41, 61, 104])
(u'2999', [130, 40, 29, 28, 38, 78])
(u'1154', [168, 68, 38, 37, 48, 85])
(u'301', [354, 113, 109, 83, 125, 310])
(u'1156', [191, 56, 45, 58, 57, 181])
(u'1150', [192, 73, 46, 53, 50, 184])
(u'1152', [184, 60, 44, 38, 57, 167])
(u'2807', [141, 46, 28, 27, 47, 115])
(u'58', [634, 260, 183, 186, 301, 790])
(u'1082', [197, 55, 55, 54, 52, 165])
(u'1550', [175, 45, 39, 44, 61, 136])
(u'1552', [166, 44, 34, 42, 60, 85])
(u'1554', [168, 35, 42, 45, 65, 89])
(u'1556', [161, 53, 37, 39, 53, 94])
(u'1558', [193, 57, 50, 54, 63, 105])
(u'56', [632, 265, 212, 209, 256, 480])
(u'50', [643, 284, 175, 214, 273, 683])
(u'52', [640, 283, 186, 187, 271, 669])
(u'536', [272, 84, 67, 60, 101, 152])
(u'534', [266, 88, 67, 72, 85, 146])
(u'532', [264, 82, 63, 62, 93, 231])
(u'3035', [131, 39, 27, 33, 39, 102])
(u'538', [255, 81, 62, 63, 82, 233])
(u'1976', [126, 43, 22, 31, 43, 77])
(u'303', [359, 148, 85, 83, 130, 213])
(u'2995', [127, 36, 29, 33, 37, 62])
(u'2805', [114, 37, 22, 26, 39, 89])
(u'1907', [159, 52, 48, 39, 31, 133])
(u'3600', [130, 36, 24, 31, 44, 69])
(u'3033', [132, 50, 32, 28, 34, 82])
(u'3297', [115, 39, 18, 26, 38, 83])
(u'1903', [169, 53, 34, 33, 58, 90])
(u'428', [301, 85, 77, 88, 96, 240])
(u'1398', [193, 68, 38, 40, 72, 154])
(u'420', [281, 86, 75, 68, 102, 171])
(u'422', [325, 112, 89, 71, 121, 298])
(u'1392', [176, 63, 41, 37, 56, 129])
(u'426', [321, 106, 73, 93, 119, 298])
(u'3813', [93, 24, 36, 14, 27, 44])
(u'3811', [98, 33, 14, 27, 30, 47])
(u'2773', [139, 44, 31, 32, 38, 109])
(u'3817', [122, 38, 28, 24, 41, 78])
(u'855', [215, 73, 57, 48, 73, 165])
(u'3819', [122, 27, 24, 29, 52, 100])
(u'857', [234, 64, 57, 69, 76, 195])
(u'4692', [107, 35, 20, 24, 32, 44])
(u'851', [206, 86, 49, 51, 50, 170])
(u'4298', [113, 26, 26, 31, 34, 63])
(u'4294', [93, 30, 21, 18, 28, 37])
(u'4296', [109, 38, 20, 20, 38, 59])
(u'4290', [95, 30, 19, 24, 26, 63])
(u'4292', [109, 27, 24, 27, 34, 52])
(u'4584', [108, 33, 29, 21, 29, 49])
(u'307', [322, 109, 83, 80, 122, 281])
(u'1840', [147, 54, 40, 30, 38, 72])
(u'4748', [108, 24, 22, 28, 42, 82])
(u'4742', [80, 20, 14, 25, 28, 63])
(u'4740', [98, 37, 17, 20, 29, 48])
(u'4746', [104, 35, 19, 24, 30, 76])
(u'4744', [100, 41, 20, 15, 32, 49])
(u'4715', [104, 37, 22, 18, 31, 84])
(u'3475', [111, 43, 19, 21, 35, 60])
(u'2182', [121, 40, 30, 21, 45, 67])
(u'2180', [146, 41, 27, 38, 49, 81])
(u'2041', [139, 39, 33, 40, 36, 67])
(u'2186', [133, 46, 32, 28, 42, 62])
(u'228', [390, 152, 88, 108, 148, 261])
(u'226', [380, 127, 93, 99, 157, 344])
(u'224', [379, 125, 109, 107, 146, 235])
(u'4603', [90, 26, 18, 23, 28, 79])
(u'4601', [111, 37, 26, 21, 33, 71])
(u'2212', [150, 48, 33, 30, 52, 117])
(u'2210', [144, 43, 32, 32, 41, 103])
(u'2216', [159, 46, 36, 43, 47, 118])
(u'2214', [135, 35, 33, 35, 40, 123])
(u'2218', [134, 41, 33, 25, 44, 76])
(u'150', [476, 171, 133, 122, 176, 457])
(u'152', [421, 146, 128, 114, 160, 273])
(u'154', [428, 145, 132, 110, 150, 272])
(u'156', [467, 166, 123, 124, 169, 290])
(u'158', [433, 161, 130, 124, 165, 400])
(u'2430', [131, 38, 30, 43, 30, 91])
(u'1088', [202, 62, 41, 46, 69, 165])
(u'2436', [142, 49, 28, 36, 45, 76])
(u'2434', [161, 49, 37, 39, 55, 137])
(u'4698', [102, 38, 22, 21, 31, 82])
(u'4922', [94, 29, 20, 16, 31, 78])
(u'2236', [127, 45, 29, 27, 40, 105])
(u'123', [467, 196, 125, 126, 177, 529])
(u'4519', [103, 30, 20, 20, 37, 54])
(u'4988', [88, 29, 19, 19, 28, 64])
(u'4513', [88, 25, 12, 33, 23, 42])
(u'4511', [104, 35, 22, 19, 36, 52])
(u'4517', [85, 30, 19, 13, 27, 65])
(u'4515', [113, 35, 26, 21, 34, 79])
(u'2508', [135, 44, 35, 34, 35, 74])
(u'2506', [120, 54, 24, 22, 29, 76])
(u'2504', [141, 42, 32, 30, 48, 97])
(u'2502', [126, 51, 24, 35, 31, 63])
(u'2500', [132, 37, 41, 27, 37, 71])
(u'2726', [141, 49, 36, 42, 30, 109])
(u'2724', [116, 35, 25, 21, 41, 68])
(u'2722', [129, 39, 25, 28, 45, 95])
(u'2720', [116, 35, 26, 33, 30, 63])
(u'2728', [122, 41, 19, 29, 45, 64])
(u'1163', [181, 56, 37, 38, 65, 99])
(u'125', [492, 168, 144, 128, 176, 312])
(u'3042', [120, 40, 20, 26, 45, 57])
(u'3783', [106, 32, 23, 27, 29, 52])
(u'1804', [119, 46, 19, 28, 37, 65])
(u'3787', [113, 39, 19, 30, 32, 55])
(u'3785', [120, 37, 35, 21, 37, 103])
(u'3789', [86, 30, 12, 19, 32, 52])
(u'1808', [155, 36, 42, 40, 58, 95])
(u'4997', [78, 20, 19, 14, 30, 39])
(u'4995', [99, 25, 21, 26, 31, 48])
(u'4993', [95, 32, 19, 26, 24, 80])
(u'4991', [91, 28, 18, 23, 26, 74])
(u'2160', [151, 61, 23, 29, 45, 131])
(u'4999', [95, 33, 24, 22, 26, 88])
(u'3716', [99, 30, 21, 28, 27, 46])
(u'127', [474, 186, 121, 124, 179, 319])
(u'3259', [133, 43, 31, 36, 39, 69])
(u'1949', [136, 41, 35, 35, 42, 118])
(u'1525', [180, 67, 31, 42, 54, 165])
(u'3251', [127, 47, 31, 28, 35, 119])
(u'3253', [116, 34, 21, 29, 40, 55])
(u'1947', [150, 51, 31, 35, 43, 110])
(u'3257', [130, 46, 25, 37, 33, 73])
(u'819', [200, 61, 51, 46, 72, 173])
(u'1255', [177, 64, 37, 31, 68, 108])
(u'811', [223, 71, 40, 58, 83, 177])
(u'813', [234, 80, 67, 52, 70, 139])
(u'815', [223, 62, 47, 61, 75, 110])
(u'817', [246, 87, 58, 49, 84, 142])
(u'2858', [127, 47, 26, 24, 42, 73])
(u'3206', [140, 37, 29, 42, 44, 80])
(u'2850', [130, 37, 19, 28, 53, 98])
(u'1251', [179, 65, 42, 36, 52, 104])
(u'2854', [136, 32, 34, 41, 41, 86])
(u'2856', [122, 33, 30, 31, 43, 98])
(u'3332', [130, 40, 26, 29, 45, 62])
(u'1620', [150, 50, 32, 31, 56, 74])
(u'1495', [163, 45, 36, 33, 60, 111])
(u'1497', [165, 51, 41, 37, 57, 161])
(u'1499', [191, 69, 36, 42, 57, 100])
(u'3338', [120, 36, 27, 23, 36, 86])
(u'3202', [108, 28, 23, 24, 39, 52])
(u'1701', [143, 44, 26, 42, 38, 112])
(u'1394', [172, 58, 35, 32, 64, 96])
(u'1705', [161, 56, 39, 29, 57, 122])
(u'4571', [99, 38, 28, 18, 20, 79])
(u'1709', [141, 41, 31, 39, 48, 81])
(u'1996', [140, 47, 28, 35, 47, 122])
(u'424', [314, 100, 95, 74, 99, 191])
(u'4573', [103, 28, 30, 29, 25, 63])
(u'1390', [171, 61, 36, 38, 55, 106])
(u'4575', [113, 29, 34, 18, 37, 58])
(u'1129', [222, 63, 63, 48, 71, 107])
(u'2834', [117, 47, 26, 19, 30, 92])
(u'1121', [194, 59, 51, 42, 73, 102])
(u'1123', [196, 63, 62, 38, 53, 114])
(u'1125', [183, 69, 45, 43, 46, 97])
(u'893', [210, 70, 60, 45, 63, 117])
(u'1127', [182, 59, 42, 40, 58, 143])
(u'4490', [101, 42, 16, 19, 29, 45])
(u'3655', [128, 46, 27, 24, 40, 73])
(u'2988', [124, 32, 27, 30, 43, 75])
(u'3028', [129, 42, 30, 28, 42, 73])
(u'2982', [137, 47, 36, 29, 35, 73])
(u'3024', [121, 41, 25, 22, 41, 66])
(u'2986', [122, 41, 25, 19, 46, 63])
(u'2098', [149, 47, 40, 32, 46, 78])
(u'525', [269, 84, 62, 72, 97, 143])
(u'527', [273, 96, 62, 76, 88, 232])
(u'1019', [206, 76, 44, 40, 84, 123])
(u'523', [268, 82, 74, 61, 81, 213])
(u'1015', [215, 69, 47, 54, 72, 133])
(u'1017', [205, 62, 49, 56, 71, 127])
(u'1011', [217, 64, 47, 44, 80, 125])
(u'1013', [179, 64, 38, 44, 55, 151])
(u'1235', [187, 60, 36, 48, 66, 156])
(u'1237', [190, 53, 49, 42, 59, 171])
(u'1231', [184, 56, 49, 44, 57, 170])
(u'4199', [111, 28, 25, 25, 35, 44])
(u'4197', [99, 27, 20, 19, 42, 92])
(u'4195', [81, 21, 18, 15, 28, 56])
(u'1239', [182, 58, 46, 45, 52, 107])
(u'1091', [181, 59, 34, 44, 76, 156])
(u'4191', [105, 39, 18, 23, 33, 55])
(u'4359', [94, 29, 24, 21, 30, 51])
(u'4355', [86, 27, 20, 22, 25, 49])
(u'4357', [81, 24, 15, 21, 27, 35])
(u'4351', [112, 25, 25, 34, 36, 85])
(u'4353', [112, 30, 31, 22, 40, 97])
(u'2489', [134, 52, 29, 35, 32, 76])
(u'439', [281, 84, 69, 74, 101, 160])
(u'437', [291, 103, 70, 67, 99, 230])
(u'435', [292, 106, 76, 77, 89, 179])
(u'433', [303, 122, 72, 73, 108, 187])
(u'2830', [132, 39, 24, 38, 42, 100])
(u'431', [287, 101, 73, 71, 108, 165])
(u'4674', [100, 21, 31, 17, 38, 57])
(u'3808', [85, 26, 20, 19, 24, 48])
(u'3804', [111, 28, 31, 27, 43, 90])
(u'1093', [196, 55, 44, 48, 69, 180])
(u'3806', [99, 34, 12, 26, 34, 58])
(u'3800', [85, 27, 16, 19, 31, 67])
(u'4904', [106, 40, 20, 20, 33, 72])
(u'4906', [93, 20, 19, 25, 35, 70])
(u'2865', [120, 39, 18, 28, 41, 63])
(u'2678', [126, 34, 29, 27, 43, 85])
(u'1967', [138, 39, 39, 35, 44, 86])
(u'2869', [139, 39, 32, 32, 45, 70])
(u'3082', [118, 40, 22, 25, 38, 70])
(u'4777', [81, 26, 22, 14, 24, 65])
(u'4775', [94, 35, 17, 21, 25, 41])
(u'4773', [103, 27, 23, 25, 32, 50])
(u'2232', [123, 39, 34, 29, 32, 53])
(u'4771', [83, 22, 19, 18, 29, 57])
(u'4779', [103, 41, 25, 20, 25, 79])
(u'4175', [120, 33, 32, 26, 32, 59])
(u'4177', [107, 37, 18, 19, 38, 55])
(u'4171', [104, 28, 28, 23, 28, 94])
(u'4173', [106, 43, 23, 27, 21, 55])
(u'4179', [118, 30, 28, 27, 40, 93])
(u'2797', [122, 37, 34, 28, 34, 89])
(u'994', [202, 71, 43, 45, 60, 160])
(u'3064', [115, 30, 17, 36, 41, 94])
(u'4618', [99, 30, 24, 17, 35, 55])
(u'996', [216, 71, 64, 41, 71, 113])
(u'239', [378, 141, 102, 106, 139, 243])
(u'4610', [118, 37, 30, 30, 27, 89])
(u'237', [363, 140, 93, 74, 144, 383])
(u'231', [391, 149, 99, 97, 146, 346])
(u'233', [369, 155, 95, 82, 128, 229])
(u'3068', [136, 44, 29, 31, 39, 126])
(u'2229', [145, 46, 31, 36, 45, 121])
(u'4182', [111, 38, 23, 25, 34, 52])
(u'2227', [146, 51, 34, 31, 51, 84])
(u'2225', [161, 46, 30, 41, 62, 137])
(u'2223', [137, 51, 26, 30, 45, 78])
(u'2221', [149, 49, 34, 31, 49, 139])
(u'4881', [101, 22, 21, 27, 36, 74])
(u'1099', [210, 69, 55, 47, 72, 158])
(u'147', [419, 163, 118, 111, 164, 254])
(u'4883', [85, 28, 15, 17, 30, 44])
(u'143', [449, 167, 139, 104, 169, 402])
(u'141', [440, 159, 125, 131, 146, 287])
(u'149', [439, 178, 126, 102, 171, 277])
(u'4504', [103, 44, 22, 19, 28, 58])
(u'4506', [105, 39, 22, 23, 32, 62])
(u'4500', [94, 37, 20, 17, 22, 72])
(u'4502', [95, 41, 16, 26, 24, 48])
(u'4887', [113, 33, 21, 25, 37, 60])
(u'4508', [99, 35, 23, 17, 32, 44])
(u'2089', [145, 37, 37, 33, 51, 78])
(u'121', [516, 219, 136, 145, 195, 499])
(u'2083', [124, 30, 39, 33, 38, 103])
(u'2081', [150, 42, 44, 34, 43, 84])
(u'2087', [160, 47, 47, 22, 63, 126])
(u'2085', [142, 40, 37, 31, 45, 77])
(u'2539', [121, 49, 23, 25, 33, 56])
(u'929', [205, 71, 55, 51, 60, 169])
(u'2533', [144, 49, 29, 29, 44, 113])
(u'2531', [105, 35, 26, 17, 36, 53])
(u'2537', [113, 36, 21, 26, 39, 83])
(u'2535', [147, 37, 36, 37, 50, 77])
(u'2713', [133, 44, 42, 24, 32, 118])
(u'3341', [130, 45, 29, 20, 39, 60])
(u'2717', [139, 46, 28, 40, 39, 81])
(u'2715', [134, 44, 29, 27, 44, 100])
(u'2719', [129, 37, 40, 34, 25, 73])
(u'1194', [189, 49, 56, 49, 60, 102])
(u'129', [462, 183, 114, 130, 170, 441])
(u'1196', [173, 55, 41, 42, 56, 94])
(u'1833', [150, 48, 45, 27, 46, 133])
(u'1831', [158, 47, 30, 43, 49, 87])
(u'1837', [149, 48, 37, 33, 49, 118])
(u'1835', [134, 38, 34, 21, 49, 78])
(u'3794', [96, 25, 26, 21, 33, 48])
(u'1839', [142, 42, 37, 33, 43, 81])
(u'3790', [119, 37, 32, 19, 38, 61])
(u'3792', [100, 28, 21, 19, 41, 53])
(u'4980', [97, 34, 27, 15, 24, 57])
(u'938', [197, 62, 45, 52, 62, 163])
(u'4984', [114, 38, 24, 23, 36, 56])
(u'4986', [88, 23, 19, 25, 25, 72])
(u'932', [218, 61, 45, 47, 88, 181])
(u'930', [207, 60, 52, 50, 62, 100])
(u'2159', [134, 49, 35, 25, 37, 74])
(u'934', [183, 60, 26, 45, 74, 153])
(u'2829', [108, 32, 21, 27, 36, 86])
(u'471', [267, 96, 60, 73, 84, 201])
(u'3091', [102, 34, 26, 24, 30, 51])
(u'3055', [129, 42, 23, 38, 33, 66])
(u'1954', [152, 50, 39, 34, 38, 131])
(u'1956', [159, 46, 34, 38, 56, 134])
(u'1950', [133, 44, 29, 30, 44, 126])
(u'1952', [161, 56, 29, 37, 49, 112])
(u'1958', [148, 52, 32, 36, 41, 81])
(u'4409', [104, 33, 28, 16, 33, 79])
(u'3248', [109, 33, 22, 31, 30, 77])
(u'3242', [135, 53, 24, 29, 34, 61])
(u'3240', [107, 32, 21, 30, 34, 55])
(u'3246', [107, 30, 21, 20, 40, 56])
(u'3244', [110, 31, 31, 17, 38, 49])
(u'828', [195, 61, 51, 44, 74, 109])
(u'4405', [114, 29, 25, 23, 40, 99])
(u'824', [201, 69, 61, 41, 53, 118])
(u'826', [221, 71, 50, 58, 67, 123])
(u'820', [225, 71, 54, 49, 79, 141])
(u'822', [211, 54, 49, 48, 85, 131])
(u'1826', [169, 68, 39, 34, 43, 133])
(u'1176', [176, 59, 44, 51, 42, 161])
(u'1820', [146, 54, 26, 30, 52, 97])
(u'1482', [162, 55, 44, 40, 41, 99])
(u'1480', [162, 51, 34, 33, 57, 82])
(u'1486', [172, 49, 43, 36, 56, 98])
(u'1484', [162, 58, 45, 40, 36, 96])
(u'3307', [116, 32, 32, 26, 37, 47])
(u'4926', [105, 25, 19, 24, 40, 71])
(u'4403', [107, 31, 24, 20, 34, 74])
(u'3303', [124, 43, 21, 34, 37, 86])
(u'3301', [118, 39, 24, 25, 36, 84])
(u'1712', [172, 54, 41, 40, 53, 101])
(u'1710', [133, 44, 31, 28, 42, 84])
(u'1716', [171, 51, 38, 43, 49, 83])
(u'790', [224, 77, 55, 34, 81, 147])
(u'1718', [143, 41, 47, 24, 55, 86])
(u'798', [214, 70, 45, 46, 75, 117])
(u'2412', [137, 46, 36, 26, 41, 98])
(u'1271', [183, 58, 50, 45, 62, 106])
(u'2142', [146, 41, 31, 41, 51, 118])
(u'1138', [158, 48, 35, 36, 60, 128])
(u'3051', [127, 38, 34, 24, 36, 66])
(u'4063', [104, 31, 23, 30, 27, 65])
(u'1132', [184, 73, 35, 42, 59, 105])
(u'1130', [172, 59, 44, 36, 58, 134])
(u'1136', [198, 75, 34, 54, 56, 181])
(u'1134', [212, 75, 41, 52, 75, 131])
(u'921', [196, 62, 40, 56, 65, 111])
(u'4256', [92, 25, 21, 18, 33, 71])
(u'4067', [108, 29, 34, 26, 30, 59])
(u'923', [195, 70, 40, 45, 70, 162])
(u'1994', [153, 46, 36, 35, 44, 105])
(u'4328', [89, 30, 12, 25, 25, 69])
(u'3013', [114, 43, 30, 15, 32, 65])
(u'3011', [147, 59, 34, 25, 43, 72])
(u'3017', [121, 42, 26, 23, 40, 101])
(u'3015', [114, 34, 27, 28, 32, 63])
(u'518', [275, 101, 66, 65, 84, 238])
(u'1008', [199, 65, 44, 47, 65, 189])
(u'510', [259, 94, 66, 65, 78, 150])
(u'512', [268, 87, 63, 76, 87, 145])
(u'514', [261, 92, 71, 62, 99, 178])
(u'1000', [197, 62, 48, 48, 62, 198])
(u'4188', [106, 38, 34, 18, 27, 68])
(u'1224', [204, 85, 33, 47, 65, 115])
(u'626', [243, 72, 57, 55, 94, 208])
(u'624', [256, 84, 67, 58, 87, 154])
(u'4180', [88, 32, 15, 29, 23, 79])
(u'628', [244, 72, 54, 65, 76, 120])
(u'3309', [113, 29, 26, 25, 44, 78])
(u'4184', [101, 28, 29, 16, 32, 88])
(u'4186', [99, 26, 25, 25, 31, 52])
(u'4348', [95, 23, 19, 25, 32, 53])
(u'4346', [103, 23, 26, 28, 30, 49])
(u'4344', [104, 32, 29, 21, 31, 63])
(u'4342', [98, 23, 16, 24, 36, 52])
(u'4340', [115, 33, 28, 25, 34, 44])
(u'2883', [146, 52, 31, 31, 42, 77])
(u'2881', [115, 35, 24, 26, 39, 65])
(u'2887', [124, 42, 27, 34, 32, 70])
(u'3093', [111, 33, 27, 22, 35, 61])
(u'2885', [132, 31, 30, 37, 39, 70])
(u'2889', [141, 41, 34, 26, 44, 72])
(u'2', [1408, 1231, 867, 834, 1132, 2007])
(u'3879', [97, 30, 26, 23, 28, 59])
(u'3196', [112, 31, 39, 21, 26, 90])
(u'3871', [106, 33, 26, 19, 40, 81])
(u'3873', [106, 35, 26, 23, 31, 84])
(u'3875', [99, 30, 26, 24, 29, 77])
(u'3877', [96, 35, 20, 27, 23, 78])
(u'1714', [153, 51, 36, 39, 48, 134])
(u'10', [1067, 632, 430, 465, 612, 1048])
(u'12', [1050, 602, 438, 430, 585, 1013])
(u'14', [989, 574, 387, 388, 523, 1351])
(u'16', [956, 508, 355, 357, 524, 1453])
(u'18', [927, 465, 330, 327, 507, 1195])
(u'3275', [131, 42, 23, 32, 40, 57])
(u'2959', [106, 31, 22, 22, 40, 52])
(u'3273', [121, 31, 35, 25, 38, 87])
(u'3905', [111, 35, 32, 12, 37, 49])
(u'3907', [107, 34, 25, 22, 27, 94])
(u'3305', [115, 37, 25, 28, 42, 55])
(u'3901', [101, 28, 23, 23, 32, 83])
(u'3903', [113, 38, 27, 25, 29, 88])
(u'3271', [108, 33, 29, 26, 23, 85])
(u'3909', [113, 29, 29, 33, 31, 61])
(u'4760', [117, 39, 27, 20, 38, 93])
(u'4762', [85, 17, 22, 13, 38, 61])
(u'4764', [86, 33, 19, 22, 15, 73])
(u'4766', [100, 33, 22, 21, 34, 51])
(u'4768', [95, 39, 17, 18, 26, 39])
(u'4166', [98, 34, 19, 24, 28, 53])
(u'4164', [99, 24, 24, 25, 29, 58])
(u'4162', [94, 27, 23, 19, 28, 78])
(u'4160', [111, 38, 20, 28, 36, 61])
(u'4168', [108, 34, 23, 21, 40, 63])
(u'1471', [177, 56, 45, 40, 54, 141])
(u'3192', [127, 35, 30, 34, 41, 103])
(u'200', [378, 141, 96, 90, 145, 228])
(u'202', [367, 132, 83, 93, 136, 226])
(u'204', [369, 158, 91, 103, 128, 233])
(u'206', [409, 161, 112, 108, 134, 269])
(u'208', [377, 137, 98, 102, 130, 341])
(u'3477', [122, 32, 34, 27, 35, 69])
(u'1572', [155, 49, 23, 51, 43, 87])
(u'2250', [126, 38, 22, 36, 42, 69])
(u'3471', [109, 37, 23, 25, 26, 71])
(u'2238', [138, 40, 32, 38, 41, 113])
(u'1570', [169, 55, 26, 42, 63, 91])
(u'2614', [133, 47, 24, 31, 41, 127])
(u'2230', [158, 41, 35, 33, 57, 116])
(u'835', [227, 80, 60, 43, 65, 192])
(u'2234', [133, 49, 28, 30, 35, 101])
(u'680', [240, 82, 49, 64, 76, 193])
(u'3190', [104, 32, 30, 20, 26, 79])
(u'682', [240, 94, 44, 56, 80, 141])
(u'3499', [115, 36, 27, 25, 43, 72])
(u'3497', [110, 26, 28, 28, 32, 51])
(u'3495', [110, 38, 23, 26, 32, 79])
(u'3493', [116, 35, 20, 30, 38, 63])
(u'3491', [115, 44, 24, 25, 25, 91])
(u'2094', [160, 45, 29, 42, 57, 117])
(u'2096', [185, 66, 36, 40, 56, 91])
(u'3659', [103, 29, 27, 25, 30, 52])
(u'2092', [151, 42, 29, 39, 47, 76])
(u'4579', [106, 34, 22, 21, 34, 56])
(u'3657', [120, 44, 26, 28, 33, 93])
(u'3651', [111, 38, 22, 25, 34, 94])
(u'3653', [86, 28, 21, 21, 19, 63])
(u'2524', [137, 46, 30, 33, 41, 72])
(u'2526', [142, 47, 31, 33, 43, 82])
(u'2520', [125, 39, 29, 36, 35, 99])
(u'2522', [130, 38, 33, 26, 44, 119])
(u'2528', [138, 47, 36, 16, 41, 118])
(u'222', [376, 145, 102, 95, 127, 229])
(u'2665', [137, 42, 23, 36, 44, 124])
(u'220', [396, 144, 107, 105, 141, 253])
(u'4492', [92, 30, 21, 19, 31, 51])
(u'4889', [85, 23, 23, 22, 21, 65])
(u'2708', [97, 27, 33, 21, 28, 54])
(u'2704', [131, 48, 28, 29, 35, 101])
(u'2706', [131, 34, 31, 28, 45, 60])
(u'2700', [113, 40, 20, 28, 34, 58])
(u'2702', [124, 35, 31, 31, 41, 105])
(u'2748', [131, 37, 32, 28, 50, 126])
(u'1828', [157, 50, 40, 31, 50, 142])
(u'2951', [132, 50, 27, 26, 37, 76])
(u'259', [390, 149, 102, 84, 142, 238])
(u'1824', [158, 42, 43, 37, 48, 91])
(u'4407', [101, 37, 15, 26, 31, 82])
(u'4401', [98, 26, 23, 21, 31, 68])
(u'1822', [133, 43, 34, 32, 35, 70])
(u'2410', [141, 40, 35, 27, 50, 112])
(u'2144', [149, 37, 41, 30, 52, 102])
(u'4979', [92, 31, 20, 18, 31, 44])
(u'2416', [130, 48, 23, 21, 41, 70])
(u'4975', [104, 34, 28, 20, 28, 77])
(u'4977', [94, 25, 20, 25, 29, 70])
(u'925', [191, 68, 40, 48, 60, 153])
(u'927', [179, 55, 43, 41, 56, 147])
(u'3277', [126, 40, 32, 22, 39, 114])
(u'1923', [160, 61, 32, 34, 46, 143])
(u'1925', [136, 49, 28, 37, 36, 114])
(u'1927', [145, 48, 24, 31, 55, 114])
(u'1929', [142, 49, 36, 29, 43, 80])
(u'3279', [115, 39, 24, 23, 40, 66])
(u'833', [227, 75, 48, 63, 70, 136])
(u'3668', [122, 38, 23, 23, 41, 104])
(u'831', [208, 82, 50, 47, 69, 214])
(u'837', [229, 69, 58, 59, 80, 126])
(u'3473', [121, 36, 31, 26, 35, 56])
(u'2667', [141, 44, 23, 28, 54, 71])
(u'839', [213, 75, 48, 57, 58, 173])
(u'3479', [102, 31, 23, 26, 32, 50])
(u'4821', [98, 40, 25, 18, 24, 74])
(u'4221', [84, 23, 24, 15, 26, 71])
(u'493', [286, 86, 75, 63, 103, 182])
(u'4069', [105, 34, 20, 20, 33, 59])
(u'3956', [109, 49, 16, 26, 27, 103])
(u'3318', [122, 33, 27, 31, 44, 93])
(u'3310', [120, 38, 26, 25, 36, 93])
(u'3312', [116, 34, 26, 22, 42, 49])
(u'3314', [105, 34, 20, 20, 35, 85])
(u'3316', [128, 43, 37, 30, 34, 71])
(u'785', [245, 89, 54, 49, 92, 210])
(u'787', [234, 75, 57, 63, 77, 131])
(u'781', [225, 78, 52, 47, 78, 172])
(u'1729', [158, 54, 44, 32, 42, 93])
(u'1727', [165, 48, 34, 50, 52, 102])
(u'1725', [152, 43, 37, 28, 52, 120])
(u'789', [220, 65, 52, 54, 75, 183])
(u'1721', [147, 50, 32, 34, 47, 112])
(u'4711', [99, 26, 25, 24, 30, 50])
(u'4380', [101, 34, 16, 22, 33, 53])
(u'3004', [111, 31, 30, 29, 30, 89])
(u'63', [589, 228, 180, 176, 248, 425])
(u'3000', [126, 43, 37, 21, 32, 112])
(u'3002', [122, 48, 27, 25, 32, 57])
(u'69', [606, 254, 170, 185, 245, 434])
(u'3008', [131, 46, 28, 30, 33, 108])
(u'2414', [142, 44, 37, 33, 40, 74])
(u'1589', [164, 57, 35, 31, 46, 95])
(u'406', [311, 106, 74, 74, 109, 172])
(u'1583', [160, 61, 35, 27, 55, 93])
(u'1581', [169, 48, 30, 42, 66, 94])
(u'1587', [185, 65, 40, 41, 64, 152])
(u'1585', [177, 59, 42, 42, 49, 106])
(u'1372', [179, 48, 32, 43, 78, 102])
(u'509', [287, 96, 82, 59, 91, 152])
(u'507', [259, 90, 62, 68, 90, 165])
(u'1031', [209, 82, 47, 52, 58, 127])
(u'503', [251, 81, 70, 61, 76, 210])
(u'1035', [208, 76, 48, 51, 61, 155])
(u'1213', [214, 71, 53, 39, 78, 119])
(u'1211', [163, 51, 42, 33, 55, 96])
(u'1217', [189, 54, 44, 47, 66, 94])
(u'1215', [181, 62, 37, 47, 49, 104])
(u'639', [228, 95, 51, 45, 69, 131])
(u'1376', [188, 62, 44, 39, 65, 155])
(u'4379', [95, 33, 12, 24, 36, 55])
(u'1983', [154, 48, 43, 33, 48, 117])
(u'4373', [90, 25, 18, 24, 28, 68])
(u'4371', [105, 30, 29, 22, 28, 55])
(u'4377', [84, 30, 15, 17, 30, 47])
(u'4375', [107, 34, 18, 29, 31, 82])
(u'2898', [112, 34, 32, 31, 29, 79])
(u'2894', [121, 33, 32, 23, 37, 73])
(u'2896', [120, 40, 16, 37, 35, 62])
(u'2890', [130, 36, 27, 27, 45, 110])
(u'2892', [128, 47, 29, 26, 39, 70])
(u'1455', [179, 63, 38, 31, 62, 94])
(u'1457', [191, 64, 47, 38, 67, 100])
(u'1103', [194, 51, 54, 42, 70, 109])
(u'1101', [188, 66, 50, 43, 62, 165])
(u'408', [272, 101, 71, 58, 91, 231])
(u'1459', [201, 53, 42, 41, 84, 153])
(u'1109', [182, 57, 38, 49, 61, 170])
(u'4081', [109, 34, 24, 28, 28, 51])
(u'4083', [102, 25, 29, 24, 31, 55])
(u'4085', [109, 34, 24, 22, 35, 59])
(u'4087', [110, 39, 23, 24, 28, 82])
(u'4243', [97, 36, 20, 15, 30, 48])
(u'3862', [108, 31, 30, 27, 29, 68])
(u'3860', [120, 44, 19, 30, 33, 87])
(u'3866', [106, 40, 14, 25, 34, 60])
(u'1723', [169, 62, 41, 30, 51, 85])
(u'3736', [117, 36, 27, 18, 43, 91])
(u'323', [328, 113, 90, 76, 118, 279])
(u'3734', [115, 31, 32, 18, 41, 89])
(u'3732', [110, 42, 21, 32, 23, 58])
(u'466', [274, 102, 61, 65, 98, 249])
(u'1893', [150, 42, 39, 31, 52, 123])
(u'3916', [96, 26, 27, 18, 33, 44])
(u'3914', [104, 32, 20, 29, 30, 52])
(u'3912', [124, 42, 23, 37, 27, 88])
(u'4690', [113, 36, 30, 26, 28, 51])
(u'3918', [125, 51, 23, 27, 32, 58])
(u'4920', [98, 22, 21, 26, 35, 54])
(u'4799', [111, 47, 20, 25, 28, 95])
(u'4795', [88, 38, 21, 14, 23, 48])
(u'4797', [92, 32, 19, 15, 31, 54])
(u'4791', [98, 35, 17, 20, 29, 77])
(u'4793', [105, 27, 27, 22, 33, 52])
(u'4153', [99, 29, 26, 17, 31, 50])
(u'4151', [101, 31, 30, 20, 23, 53])
(u'4157', [93, 20, 26, 21, 31, 52])
(u'4155', [101, 26, 33, 23, 26, 81])
(u'4159', [82, 22, 19, 15, 29, 60])
(u'4834', [103, 23, 31, 26, 28, 54])
(u'217', [375, 125, 98, 100, 141, 331])
(u'215', [378, 149, 97, 94, 143, 230])
(u'213', [400, 137, 106, 110, 153, 244])
(u'211', [393, 131, 112, 94, 139, 250])
(u'1530', [147, 43, 33, 32, 49, 75])
(u'219', [406, 155, 82, 115, 152, 255])
(u'956', [224, 66, 53, 53, 82, 129])
(u'462', [250, 76, 63, 73, 95, 142])
(u'4', [1306, 955, 661, 677, 968, 1633])
(u'3488', [113, 39, 32, 23, 28, 67])
(u'981', [201, 59, 46, 53, 71, 180])
(u'3480', [116, 36, 24, 27, 37, 86])
(u'3284', [116, 34, 27, 23, 39, 89])
(u'3482', [115, 36, 18, 26, 40, 62])
(u'3484', [107, 36, 23, 21, 32, 58])
(u'3486', [123, 46, 31, 30, 28, 62])
(u'4562', [102, 42, 22, 21, 25, 91])
(u'4560', [93, 31, 19, 22, 30, 52])
(u'4566', [98, 33, 20, 20, 31, 65])
(u'4564', [103, 32, 29, 22, 22, 84])
(u'3646', [105, 40, 21, 26, 27, 58])
(u'4568', [108, 36, 20, 18, 41, 80])
(u'3642', [105, 27, 22, 26, 37, 55])
(u'3640', [128, 36, 31, 29, 41, 109])
(u'2551', [137, 35, 26, 37, 45, 65])
(u'2553', [114, 35, 22, 30, 37, 88])
(u'2012', [125, 45, 29, 23, 39, 73])
(u'2555', [126, 45, 26, 27, 38, 74])
(u'61', [636, 253, 182, 181, 275, 647])
(u'2559', [120, 35, 27, 19, 44, 69])
(u'2397', [132, 43, 29, 37, 34, 79])
(u'3006', [124, 31, 31, 33, 41, 72])
(u'2393', [127, 36, 29, 23, 51, 69])
(u'2391', [130, 43, 28, 26, 50, 95])
(u'65', [586, 252, 161, 177, 242, 420])
(u'2779', [126, 43, 30, 23, 38, 106])
(u'4898', [101, 25, 22, 31, 30, 49])
(u'2771', [118, 38, 27, 32, 29, 58])
(u'67', [620, 238, 176, 182, 274, 639])
(u'4896', [99, 29, 30, 21, 23, 75])
(u'4894', [92, 38, 18, 16, 25, 47])
(u'2803', [116, 36, 34, 28, 26, 75])
(u'1428', [190, 57, 46, 45, 59, 107])
(u'1859', [149, 43, 42, 31, 43, 111])
(u'3165', [133, 35, 30, 34, 44, 69])
(u'4418', [92, 22, 24, 19, 30, 72])
(u'1851', [140, 32, 34, 41, 48, 86])
(u'3095', [104, 40, 24, 21, 27, 82])
(u'1853', [163, 46, 40, 34, 54, 94])
(u'1855', [163, 45, 40, 44, 51, 97])
(u'4410', [112, 23, 34, 28, 37, 104])
(u'2173', [142, 39, 36, 36, 38, 80])
(u'2171', [149, 58, 30, 34, 38, 118])
(u'918', [211, 70, 49, 56, 70, 110])
(u'2175', [116, 47, 20, 26, 34, 93])
(u'3941', [99, 34, 21, 17, 32, 75])
(u'914', [201, 67, 49, 43, 74, 123])
(u'4964', [99, 37, 28, 16, 23, 48])
(u'985', [184, 63, 46, 40, 78, 164])
(u'910', [213, 66, 49, 51, 72, 116])
(u'912', [203, 66, 50, 45, 72, 112])
(u'2605', [139, 38, 28, 28, 51, 74])
(u'2607', [128, 51, 20, 25, 40, 115])
(u'2601', [127, 50, 21, 25, 45, 65])
(u'516', [287, 89, 63, 54, 114, 162])
(u'2603', [127, 34, 23, 24, 57, 104])
(u'2609', [118, 43, 19, 28, 38, 108])
(u'1932', [160, 46, 33, 35, 55, 88])
(u'1930', [148, 54, 44, 28, 48, 80])
(u'3264', [116, 35, 18, 30, 45, 60])
(u'3266', [116, 30, 27, 29, 36, 50])
(u'3268', [119, 31, 22, 37, 37, 93])
(u'1938', [152, 47, 40, 40, 37, 128])
(u'1424', [175, 61, 45, 30, 63, 84])
(u'846', [232, 79, 57, 50, 65, 204])
(u'844', [226, 70, 52, 52, 78, 117])
(u'842', [207, 69, 38, 47, 73, 111])
(u'3460', [106, 36, 22, 18, 33, 57])
(u'3468', [116, 26, 31, 23, 51, 60])
(u'4902', [88, 32, 22, 15, 22, 51])
(u'4713', [114, 45, 27, 18, 32, 62])
(u'2050', [124, 49, 27, 26, 30, 67])
(u'3367', [105, 41, 24, 15, 33, 59])
(u'3695', [111, 36, 27, 22, 32, 70])
(u'240', [355, 129, 96, 89, 124, 216])
(u'2407', [121, 40, 25, 23, 44, 99])
(u'1738', [171, 48, 41, 40, 57, 98])
(u'1730', [164, 49, 40, 42, 47, 78])
(u'1732', [151, 46, 40, 35, 43, 139])
(u'1734', [161, 51, 47, 34, 41, 89])
(u'1736', [141, 38, 26, 35, 53, 111])
(u'1039', [197, 69, 44, 41, 73, 186])
(u'752', [260, 87, 70, 66, 78, 158])
(u'750', [237, 74, 52, 54, 80, 192])
(u'756', [201, 76, 47, 42, 68, 103])
(u'754', [250, 86, 53, 62, 78, 158])
(u'758', [227, 72, 57, 51, 73, 126])
(u'3071', [117, 40, 24, 24, 34, 64])
(u'1596', [155, 57, 37, 26, 59, 92])
(u'1590', [168, 51, 40, 37, 59, 97])
(u'1033', [229, 77, 55, 51, 69, 134])
(u'3079', [113, 35, 21, 29, 38, 60])
(u'2957', [106, 40, 19, 22, 32, 52])
(u'1598', [147, 48, 31, 43, 47, 112])
(u'2953', [125, 35, 27, 32, 40, 110])
(u'1024', [204, 63, 56, 53, 58, 110])
(u'1026', [190, 62, 42, 50, 61, 115])
(u'1020', [192, 57, 52, 41, 66, 108])
(u'1022', [208, 71, 42, 35, 83, 118])
(u'660', [265, 82, 56, 66, 92, 224])
(u'1800', [153, 61, 32, 26, 50, 87])
(u'3947', [96, 26, 21, 26, 28, 70])
(u'1028', [212, 64, 41, 56, 78, 163])
(u'1037', [202, 67, 59, 45, 70, 200])
(u'501', [271, 99, 57, 58, 111, 176])
(u'936', [198, 56, 49, 51, 63, 163])
(u'4089', [113, 39, 20, 29, 33, 81])
(u'604', [249, 89, 65, 56, 87, 136])
(u'4366', [95, 35, 18, 26, 24, 72])
(u'1208', [179, 61, 35, 42, 56, 93])
(u'631', [249, 88, 59, 57, 80, 203])
(u'1204', [195, 49, 45, 47, 73, 158])
(u'1206', [183, 78, 29, 34, 58, 85])
(u'1200', [200, 59, 49, 53, 64, 132])
(u'1202', [196, 72, 43, 35, 59, 151])
(u'633', [257, 82, 63, 60, 85, 136])
(u'4276', [119, 27, 25, 31, 43, 59])
(u'1806', [152, 54, 36, 36, 42, 92])
(u'3109', [111, 38, 21, 25, 39, 59])
(u'3105', [123, 41, 26, 26, 40, 91])
(u'637', [252, 85, 63, 61, 79, 210])
(u'3101', [116, 36, 28, 24, 41, 63])
(u'3103', [115, 39, 21, 26, 39, 88])
(u'1110', [204, 60, 55, 58, 62, 138])
(u'1444', [168, 58, 45, 38, 46, 94])
(u'1442', [181, 58, 39, 34, 68, 94])
(u'1116', [195, 51, 55, 44, 61, 149])
(u'1118', [199, 70, 48, 45, 51, 116])
(u'4278', [117, 40, 28, 24, 33, 62])
(u'2007', [153, 41, 43, 29, 56, 116])
(u'4092', [107, 41, 17, 24, 36, 86])
(u'4090', [94, 29, 16, 25, 33, 47])
(u'4096', [101, 26, 22, 20, 39, 83])
(u'4094', [112, 38, 31, 20, 32, 104])
(u'2401', [136, 45, 38, 29, 39, 106])
(u'4098', [118, 39, 22, 27, 40, 67])
(u'460', [295, 94, 84, 68, 101, 176])
(u'488', [261, 74, 77, 56, 96, 142])
(u'486', [282, 98, 68, 68, 99, 242])
(u'484', [266, 96, 52, 77, 88, 228])
(u'482', [281, 114, 82, 59, 85, 245])
(u'480', [290, 97, 47, 78, 104, 180])
(u'2009', [149, 47, 31, 38, 44, 83])
(u'4827', [103, 35, 23, 22, 32, 54])
(u'4852', [96, 19, 27, 34, 23, 70])
(u'4724', [107, 43, 13, 23, 36, 76])
(u'4582', [113, 34, 28, 27, 31, 56])
(u'4212', [107, 43, 18, 23, 31, 54])
(u'3923', [114, 37, 22, 31, 27, 63])
(u'2302', [155, 53, 34, 36, 44, 118])
(u'3927', [101, 36, 9, 23, 40, 45])
(u'3925', [99, 31, 24, 20, 29, 50])
(u'3929', [98, 27, 17, 25, 36, 60])
(u'2304', [137, 42, 30, 33, 47, 107])
(u'4788', [101, 31, 18, 28, 30, 51])
(u'4786', [101, 31, 30, 19, 27, 89])
(u'4784', [100, 30, 21, 28, 23, 81])
(u'4782', [83, 24, 24, 18, 23, 66])
(u'4780', [102, 31, 22, 19, 36, 78])
(u'4148', [107, 25, 23, 28, 37, 58])
(u'453', [293, 105, 78, 74, 100, 299])
(u'4144', [91, 21, 17, 24, 34, 46])
(u'4146', [97, 26, 22, 29, 26, 67])
(u'3992', [107, 34, 17, 31, 31, 80])
(u'4142', [96, 33, 16, 21, 35, 53])
(u'3857', [100, 35, 19, 13, 41, 76])
(u'3855', [105, 38, 24, 21, 35, 48])
(u'3853', [111, 33, 19, 19, 47, 60])
(u'3851', [133, 39, 23, 35, 43, 64])
(u'992', [198, 62, 48, 48, 59, 118])
(u'3859', [86, 24, 21, 19, 23, 52])
(u'1567', [153, 53, 31, 21, 62, 93])
(u'619', [254, 71, 68, 60, 96, 155])
(u'198', [398, 168, 92, 113, 151, 271])
(u'3664', [114, 43, 30, 18, 34, 86])
(u'194', [388, 139, 94, 110, 137, 247])
(u'196', [450, 162, 130, 105, 173, 268])
(u'190', [414, 146, 115, 98, 142, 418])
(u'192', [449, 170, 116, 111, 184, 412])
(u'3679', [112, 34, 22, 25, 36, 63])
(u'4559', [100, 36, 24, 25, 22, 73])
(u'4557', [93, 30, 21, 23, 25, 49])
(u'4555', [104, 22, 26, 28, 35, 52])
(u'4553', [111, 37, 20, 25, 36, 57])
(u'4551', [94, 37, 23, 13, 26, 64])
(u'2542', [136, 46, 24, 27, 44, 99])
(u'2540', [137, 46, 30, 32, 32, 70])
(u'2546', [131, 29, 36, 28, 43, 67])
(u'2544', [145, 45, 30, 42, 48, 116])
(u'2548', [132, 53, 20, 27, 45, 78])
(u'2380', [145, 49, 29, 35, 42, 120])
(u'2382', [158, 51, 44, 27, 46, 125])
(u'2384', [113, 37, 31, 27, 25, 88])
(u'2386', [126, 39, 30, 24, 42, 72])
(u'2388', [158, 51, 37, 35, 48, 77])
(u'1451', [170, 42, 47, 38, 60, 108])
(u'3581', [112, 29, 20, 30, 43, 89])
(u'3583', [97, 33, 34, 15, 26, 83])
(u'3585', [115, 34, 26, 34, 35, 65])
(u'3587', [133, 34, 36, 30, 44, 71])
(u'2762', [120, 38, 24, 25, 47, 100])
(u'2760', [113, 35, 22, 22, 37, 81])
(u'2766', [123, 32, 31, 29, 42, 53])
(u'2764', [119, 30, 20, 33, 46, 64])
(u'903', [218, 65, 57, 52, 74, 186])
(u'901', [212, 76, 47, 48, 69, 196])
(u'907', [204, 74, 49, 51, 61, 112])
(u'244', [362, 132, 98, 101, 104, 201])
(u'1842', [136, 43, 37, 28, 42, 82])
(u'4421', [106, 34, 15, 20, 44, 56])
(u'4427', [102, 26, 21, 27, 32, 75])
(u'4425', [108, 40, 22, 23, 27, 60])
(u'3677', [106, 29, 30, 19, 38, 49])
(u'4959', [107, 32, 18, 21, 41, 54])
(u'2168', [136, 57, 23, 21, 49, 74])
(u'1943', [138, 44, 33, 39, 39, 117])
(u'4953', [96, 28, 23, 28, 25, 56])
(u'2166', [130, 44, 32, 34, 31, 113])
(u'4261', [88, 31, 19, 18, 27, 72])
(u'4957', [112, 36, 22, 26, 32, 59])
(u'2461', [134, 38, 32, 32, 46, 108])
(u'2162', [149, 49, 30, 38, 46, 78])
(u'2616', [138, 45, 28, 33, 36, 74])
(u'1941', [143, 41, 33, 29, 55, 77])
(u'2612', [138, 40, 33, 31, 43, 78])
(u'2610', [112, 42, 19, 18, 38, 51])
(u'242', [381, 139, 92, 106, 150, 363])
(u'2618', [112, 39, 17, 27, 36, 57])
(u'3868', [105, 34, 19, 29, 28, 56])
(u'3299', [109, 32, 19, 36, 35, 60])
(u'1909', [168, 60, 33, 47, 51, 141])
(u'3295', [106, 31, 25, 28, 29, 81])
(u'1905', [146, 37, 38, 22, 64, 124])
(u'3291', [112, 34, 24, 23, 38, 60])
(u'3293', [117, 37, 25, 28, 34, 89])
(u'3453', [127, 41, 22, 32, 39, 100])
(u'3451', [114, 42, 27, 24, 33, 67])
(u'3457', [110, 40, 30, 22, 30, 60])
(u'0', [1617, 2007, 1460, 1480, 2139, 5093])
(u'3459', [118, 39, 28, 18, 42, 92])
(u'859', [225, 74, 53, 54, 71, 130])
(u'6', [1191, 786, 565, 526, 778, 1336])
(u'4546', [94, 25, 22, 28, 25, 53])
(u'4968', [91, 26, 18, 24, 27, 48])
(u'3864', [111, 36, 22, 27, 35, 89])
(u'3738', [120, 35, 25, 27, 35, 65])
(u'741', [239, 89, 53, 54, 75, 236])
(u'743', [223, 69, 50, 56, 83, 215])
(u'745', [217, 77, 47, 57, 76, 220])
(u'747', [225, 92, 66, 47, 64, 197])
(u'749', [225, 62, 49, 66, 78, 223])
(u'3062', [111, 33, 26, 22, 34, 84])
(u'3060', [97, 26, 17, 15, 43, 57])
(u'3066', [114, 32, 24, 28, 40, 95])
(u'2948', [157, 53, 31, 38, 50, 91])
(u'2946', [123, 40, 34, 23, 40, 73])
(u'617', [235, 80, 59, 60, 72, 191])
(u'2944', [128, 41, 33, 19, 45, 103])
(u'2942', [127, 35, 25, 31, 45, 98])
(u'2940', [123, 36, 40, 23, 36, 109])
(u'1051', [197, 55, 32, 53, 73, 153])
(u'1053', [196, 78, 37, 50, 61, 186])
(u'1055', [206, 61, 47, 42, 71, 166])
(u'4810', [106, 33, 28, 21, 27, 77])
(u'1059', [196, 62, 49, 45, 67, 169])
(u'718', [224, 71, 43, 68, 68, 124])
(u'1697', [169, 51, 37, 41, 56, 92])
(u'1695', [153, 38, 39, 34, 55, 118])
(u'1693', [154, 32, 43, 35, 56, 129])
(u'1691', [171, 59, 43, 33, 57, 138])
(u'2595', [110, 39, 29, 21, 31, 73])
(u'1699', [159, 56, 49, 30, 41, 126])
(u'1279', [163, 53, 37, 37, 54, 128])
(u'4313', [109, 40, 18, 26, 28, 79])
(u'4315', [76, 22, 10, 19, 28, 66])
(u'4317', [110, 34, 27, 25, 31, 92])
(u'613', [242, 89, 59, 49, 91, 205])
(u'611', [245, 78, 43, 69, 84, 210])
(u'1275', [184, 55, 45, 44, 65, 100])
(u'615', [246, 89, 62, 64, 83, 152])
(u'4429', [114, 28, 28, 33, 33, 77])
(u'710', [248, 76, 72, 58, 73, 189])
(u'4816', [89, 26, 27, 14, 29, 45])
(u'3118', [132, 39, 39, 25, 39, 127])
(u'3116', [113, 33, 27, 24, 35, 83])
(u'3114', [115, 43, 23, 25, 32, 64])
(u'4269', [106, 33, 21, 26, 30, 70])
(u'3112', [123, 43, 33, 27, 31, 70])
(u'2469', [139, 43, 39, 29, 46, 65])
(u'3110', [107, 39, 27, 23, 31, 95])
(u'1473', [160, 50, 37, 43, 53, 94])
(u'3330', [107, 46, 28, 16, 28, 60])
(u'1477', [152, 35, 36, 36, 56, 133])
(u'1475', [173, 57, 36, 46, 43, 133])
(u'1479', [148, 45, 32, 31, 46, 117])
(u'3336', [120, 42, 24, 31, 32, 93])
(u'1305', [169, 53, 38, 45, 51, 99])
(u'1307', [157, 52, 36, 43, 38, 82])
(u'1301', [173, 52, 56, 50, 45, 110])
(u'4469', [106, 31, 34, 13, 35, 48])
(u'1303', [184, 53, 44, 42, 67, 97])
(u'3334', [131, 44, 32, 28, 35, 71])
(u'1309', [163, 56, 32, 28, 62, 90])
(u'2597', [135, 45, 24, 25, 53, 73])
(u'499', [277, 107, 82, 55, 78, 147])
(u'4225', [110, 32, 29, 25, 40, 65])
(u'497', [278, 105, 71, 67, 99, 239])
(u'491', [256, 101, 62, 47, 77, 208])
(u'4223', [91, 27, 19, 12, 35, 64])
(u'25', [820, 427, 285, 273, 417, 999])
(u'27', [833, 426, 275, 282, 377, 655])
(u'21', [938, 484, 316, 323, 491, 805])
(u'23', [871, 402, 327, 297, 385, 703])
(u'2593', [139, 39, 36, 22, 54, 71])
(u'29', [806, 388, 254, 287, 354, 933])
(u'4311', [94, 28, 24, 21, 27, 48])
(u'2591', [130, 39, 30, 33, 36, 122])
(u'3262', [99, 32, 18, 24, 27, 69])
(u'3938', [104, 32, 37, 20, 25, 79])
(u'3934', [91, 32, 18, 19, 28, 84])
(u'3936', [104, 37, 23, 25, 26, 100])
(u'3930', [122, 31, 33, 25, 49, 70])
(u'3932', [106, 33, 26, 19, 37, 92])
(u'1703', [165, 53, 41, 44, 42, 82])
(u'1516', [150, 57, 27, 42, 51, 97])
(u'4139', [106, 30, 24, 28, 30, 78])
(u'4434', [112, 31, 29, 27, 37, 71])
(u'4131', [108, 22, 21, 30, 40, 83])
(u'4133', [100, 30, 25, 18, 33, 50])
(u'4135', [89, 37, 21, 16, 26, 47])
(u'4137', [106, 18, 20, 23, 47, 54])
(u'3840', [104, 32, 23, 22, 32, 76])
(u'4436', [96, 31, 18, 23, 33, 79])
(u'3844', [109, 32, 21, 23, 41, 62])
(u'3846', [117, 42, 24, 28, 29, 85])
(u'3848', [93, 22, 20, 19, 39, 66])
(u'1873', [162, 64, 30, 28, 56, 124])
(u'1600', [163, 53, 35, 31, 55, 94])
(u'1604', [171, 49, 38, 37, 63, 93])
(u'4432', [92, 33, 22, 15, 25, 55])
(u'4045', [104, 29, 23, 30, 30, 58])
(u'4047', [111, 35, 26, 25, 29, 60])
(u'4041', [99, 26, 24, 25, 30, 47])
(u'4043', [113, 37, 27, 19, 37, 61])
(u'3648', [108, 33, 27, 24, 35, 73])
(u'3910', [107, 26, 33, 15, 37, 54])
(u'4049', [116, 32, 34, 17, 41, 64])
(u'2289', [133, 53, 26, 27, 39, 73])
(u'3666', [102, 24, 27, 25, 34, 51])
(u'3660', [105, 46, 23, 18, 29, 61])
(u'3662', [106, 32, 24, 25, 30, 92])
(u'2281', [136, 40, 19, 35, 52, 70])
(u'2283', [160, 59, 34, 26, 56, 145])
(u'2285', [134, 37, 33, 38, 38, 68])
(u'2287', [121, 36, 34, 28, 37, 63])
(u'4548', [94, 21, 17, 27, 37, 46])
(u'446', [288, 98, 57, 81, 102, 187])
(u'974', [207, 71, 51, 48, 63, 104])
(u'4540', [98, 26, 25, 26, 27, 49])
(u'4542', [108, 34, 23, 20, 35, 77])
(u'606', [254, 80, 60, 56, 85, 236])
(u'4544', [93, 24, 19, 22, 31, 44])
(u'972', [209, 64, 49, 52, 71, 118])
(u'3921', [105, 33, 17, 32, 28, 55])
(u'2579', [134, 44, 34, 32, 35, 78])
(u'2577', [108, 39, 21, 25, 31, 53])
(u'4942', [85, 18, 22, 26, 25, 49])
(u'2573', [128, 30, 32, 26, 45, 55])
(u'2571', [115, 43, 24, 28, 25, 48])
(u'2395', [148, 39, 39, 32, 50, 80])
(u'2379', [124, 45, 23, 34, 38, 108])
(u'4461', [82, 20, 21, 16, 32, 49])
(u'3691', [135, 49, 34, 22, 37, 86])
(u'2375', [127, 46, 23, 33, 35, 66])
(u'2377', [148, 49, 38, 35, 46, 117])
(u'2371', [134, 48, 32, 32, 35, 108])
(u'2373', [120, 34, 28, 22, 48, 68])
(u'3592', [115, 34, 17, 30, 47, 90])
(u'4825', [104, 29, 22, 22, 36, 80])
(u'3596', [126, 37, 25, 23, 47, 69])
(u'3594', [152, 46, 29, 29, 54, 87])
(u'3598', [127, 41, 34, 24, 42, 71])
(u'2599', [118, 32, 34, 24, 34, 94])
(u'4823', [75, 19, 19, 13, 27, 40])
(u'1877', [170, 60, 38, 36, 52, 92])
(u'1875', [139, 45, 36, 21, 50, 74])
(u'4430', [79, 24, 20, 14, 26, 43])
(u'1871', [151, 51, 35, 27, 54, 97])
(u'600', [247, 90, 64, 59, 79, 145])
(u'2133', [142, 43, 34, 35, 39, 73])
(u'4533', [89, 30, 13, 23, 28, 80])
(u'4438', [107, 29, 25, 25, 32, 95])
(u'1879', [155, 56, 32, 37, 49, 85])
(u'976', [210, 62, 57, 43, 78, 117])
(u'4319', [113, 39, 23, 25, 35, 58])
(u'4946', [101, 22, 19, 28, 44, 97])
(u'4940', [108, 35, 24, 25, 31, 54])
(u'970', [213, 68, 57, 51, 70, 120])
(u'1080', [185, 71, 49, 29, 58, 98])
(u'4948', [94, 40, 18, 22, 24, 54])
(u'978', [232, 87, 57, 53, 70, 137])
(u'183', [407, 168, 102, 112, 144, 377])
(u'181', [448, 176, 102, 117, 188, 489])
(u'187', [436, 164, 106, 107, 172, 262])
(u'185', [424, 163, 105, 105, 161, 448])
(u'2111', [139, 38, 39, 34, 38, 110])
(u'189', [401, 152, 107, 116, 134, 381])
(u'2115', [151, 50, 27, 34, 59, 81])
(u'2117', [156, 43, 35, 45, 50, 80])
(u'2623', [141, 42, 39, 38, 33, 124])
(u'2621', [126, 43, 27, 25, 44, 66])
(u'2627', [134, 46, 33, 29, 46, 76])
(u'2625', [127, 43, 22, 25, 43, 54])
(u'2629', [133, 43, 25, 36, 38, 117])
(u'1918', [141, 44, 37, 29, 40, 63])
(u'2131', [147, 46, 33, 31, 50, 79])
(u'3288', [128, 41, 25, 27, 42, 93])
(u'1910', [169, 61, 41, 36, 52, 133])
(u'1912', [143, 36, 40, 31, 49, 76])
(u'3282', [107, 40, 24, 17, 38, 82])
(u'1916', [135, 40, 33, 31, 41, 76])
(u'868', [201, 54, 43, 46, 82, 168])
(u'2113', [147, 45, 34, 34, 53, 92])
(u'3448', [119, 31, 31, 29, 35, 69])
(u'860', [230, 76, 49, 56, 71, 164])
(u'3446', [114, 36, 13, 35, 40, 89])
(u'3440', [115, 37, 28, 28, 37, 70])
(u'3442', [104, 40, 25, 22, 20, 81])
(u'2757', [134, 48, 27, 31, 38, 109])
(u'2027', [149, 39, 30, 39, 58, 88])
(u'2753', [108, 38, 20, 30, 34, 62])
(u'2023', [144, 45, 39, 29, 44, 105])
(u'3239', [106, 33, 35, 21, 22, 62])
(u'2029', [158, 51, 34, 39, 48, 91])
(u'2759', [120, 37, 27, 25, 43, 70])
(u'882', [223, 64, 57, 46, 78, 171])
(u'880', [192, 73, 42, 47, 59, 108])
(u'886', [216, 77, 43, 56, 62, 118])
(u'884', [222, 86, 46, 56, 67, 126])
(u'888', [215, 80, 51, 57, 57, 107])
(u'3149', [108, 40, 21, 14, 42, 59])
(u'4014', [103, 33, 20, 21, 34, 59])
(u'657', [237, 95, 48, 55, 76, 148])
(u'4591', [96, 39, 18, 15, 31, 52])
(u'352', [324, 110, 89, 90, 101, 192])
(u'774', [256, 77, 65, 55, 100, 149])
(u'776', [210, 69, 55, 46, 68, 187])
(u'770', [224, 69, 52, 48, 81, 182])
(u'772', [216, 67, 63, 46, 64, 116])
(u'778', [218, 80, 51, 41, 81, 129])
(u'2492', [147, 44, 26, 30, 61, 76])
(u'76', [581, 222, 160, 161, 254, 368])
(u'74', [592, 233, 164, 184, 250, 428])
(u'72', [596, 227, 175, 176, 267, 414])
(u'70', [602, 264, 181, 159, 217, 575])
(u'2973', [120, 35, 27, 21, 47, 86])
(u'2971', [135, 36, 30, 27, 47, 77])
(u'2977', [137, 38, 32, 32, 46, 67])
(u'2975', [129, 30, 37, 20, 50, 69])
(u'1042', [207, 77, 40, 53, 56, 116])
(u'1040', [195, 65, 39, 55, 65, 177])
(u'1046', [196, 72, 46, 44, 65, 162])
(u'1044', [203, 76, 44, 53, 59, 105])
(u'1048', [188, 46, 38, 58, 78, 157])
(u'1680', [161, 54, 40, 37, 45, 96])
(u'1682', [162, 53, 28, 34, 59, 128])
(u'1684', [157, 44, 35, 40, 52, 122])
(u'1686', [140, 53, 26, 37, 37, 98])
(u'1688', [156, 46, 38, 39, 51, 134])
(u'358', [288, 99, 73, 73, 98, 282])
(u'4302', [91, 20, 28, 18, 29, 45])
(u'1268', [171, 49, 43, 47, 54, 97])
(u'4306', [93, 37, 18, 17, 24, 68])
(u'4304', [94, 32, 20, 23, 26, 76])
(u'608', [243, 103, 56, 42, 81, 218])
(u'666', [260, 77, 67, 77, 90, 156])
(u'664', [228, 96, 42, 51, 74, 186])
(u'662', [225, 57, 61, 53, 84, 180])
(u'3022', [102, 28, 25, 20, 38, 47])
(u'1242', [173, 61, 38, 42, 56, 100])
(u'653', [246, 85, 50, 61, 89, 241])
(u'3286', [119, 37, 19, 24, 52, 95])
(u'3020', [129, 28, 36, 36, 42, 104])
(u'3725', [115, 42, 26, 20, 40, 77])
(u'3129', [126, 34, 33, 25, 44, 69])
(u'4595', [102, 31, 26, 21, 34, 85])
(u'3123', [120, 37, 27, 25, 37, 71])
(u'264', [367, 142, 78, 110, 111, 300])
(u'3121', [120, 35, 28, 21, 42, 86])
(u'3127', [124, 40, 34, 22, 32, 65])
(u'1914', [152, 46, 30, 40, 48, 121])
(u'1468', [173, 55, 44, 28, 68, 93])
(u'8', [1140, 646, 511, 468, 686, 1651])
(u'3280', [127, 42, 29, 32, 38, 95])
(u'1460', [179, 55, 36, 46, 61, 145])
(u'521', [261, 79, 67, 80, 79, 249])
(u'1316', [164, 43, 45, 33, 64, 130])
(u'1314', [192, 61, 37, 46, 68, 108])
(u'1312', [196, 65, 37, 47, 65, 168])
(u'1310', [181, 53, 47, 34, 65, 142])
(u'1318', [194, 61, 40, 53, 68, 127])
(u'4238', [118, 42, 20, 23, 44, 69])
(u'4236', [100, 39, 24, 14, 31, 79])
(u'4234', [93, 21, 23, 23, 32, 70])
(u'4232', [90, 29, 25, 20, 21, 65])
(u'4230', [107, 34, 28, 25, 26, 63])
(u'529', [279, 98, 83, 53, 92, 222])
(u'4609', [114, 29, 30, 23, 40, 66])
(u'3444', [108, 28, 21, 27, 36, 98])
(u'49', [695, 318, 197, 222, 293, 765])
(u'3949', [100, 25, 22, 23, 37, 50])
(u'862', [217, 74, 68, 50, 64, 183])
(u'312', [330, 95, 104, 83, 113, 183])
(u'310', [334, 118, 95, 69, 111, 188])
(u'316', [331, 115, 77, 87, 126, 204])
(u'3815', [115, 48, 18, 15, 43, 90])
(u'864', [217, 77, 48, 50, 76, 211])
(u'448', [305, 111, 81, 74, 99, 309])
(u'866', [221, 75, 52, 47, 70, 118])
(u'1338', [194, 56, 53, 52, 60, 160])
(u'4128', [123, 34, 34, 25, 40, 63])
(u'2025', [142, 47, 27, 35, 44, 75])
(u'4122', [112, 33, 21, 32, 31, 89])
(u'1233', [180, 58, 38, 44, 52, 105])
(u'4126', [104, 29, 25, 22, 33, 52])
(u'4607', [103, 31, 23, 21, 32, 66])
(u'4124', [106, 33, 22, 21, 34, 50])
(u'2755', [119, 34, 32, 30, 28, 95])
(u'442', [273, 84, 59, 81, 95, 161])
(u'2021', [148, 41, 31, 35, 55, 80])
(u'440', [301, 101, 65, 75, 111, 172])
(u'4706', [106, 28, 21, 26, 37, 86])
(u'2751', [120, 38, 29, 29, 37, 63])
(u'4193', [130, 51, 30, 27, 34, 120])
(u'4218', [107, 32, 20, 18, 41, 51])
(u'2320', [130, 47, 34, 26, 33, 125])
(u'1332', [189, 57, 40, 40, 69, 98])
(u'2326', [129, 42, 31, 31, 41, 122])
(u'4056', [107, 33, 29, 18, 33, 75])
(u'4054', [101, 41, 17, 24, 29, 55])
(u'4052', [88, 43, 14, 19, 18, 52])
(u'4050', [93, 24, 30, 13, 34, 54])
(u'4605', [99, 44, 19, 24, 20, 51])
(u'2324', [129, 49, 32, 18, 47, 97])
(u'4058', [99, 36, 24, 22, 34, 57])
(u'3611', [97, 39, 17, 22, 32, 54])
(u'3613', [98, 33, 21, 24, 23, 48])
(u'3615', [124, 29, 35, 31, 39, 98])
(u'3617', [111, 31, 24, 24, 40, 64])
(u'3619', [99, 32, 26, 26, 25, 62])
(u'2290', [134, 42, 33, 28, 40, 67])
(u'2296', [129, 44, 21, 31, 43, 83])
(u'2294', [134, 39, 35, 23, 49, 116])
(u'3842', [109, 27, 31, 24, 35, 56])
(u'4360', [111, 40, 21, 24, 32, 61])
(u'4708', [101, 33, 21, 28, 23, 83])
(u'2568', [119, 42, 30, 23, 29, 56])
(u'2140', [132, 45, 32, 30, 36, 71])
(u'2560', [129, 39, 26, 30, 47, 114])
(u'2562', [115, 34, 24, 25, 40, 63])
(u'2564', [154, 52, 36, 36, 47, 81])
(u'2566', [128, 43, 25, 28, 39, 68])
(u'1521', [173, 61, 35, 35, 54, 141])
(u'3394', [109, 28, 29, 20, 39, 59])
(u'2368', [139, 35, 35, 37, 42, 101])
(u'2366', [143, 46, 30, 25, 55, 113])
(u'2364', [136, 48, 31, 28, 40, 65])
(u'2362', [136, 38, 29, 31, 47, 73])
(u'1244', [182, 58, 40, 46, 61, 152])
(u'2360', [148, 48, 24, 38, 54, 128])
(u'2586', [135, 40, 26, 25, 52, 104])
(u'2584', [124, 34, 28, 32, 42, 62])
(u'2582', [141, 45, 31, 30, 47, 119])
(u'2580', [139, 47, 35, 26, 41, 70])
(u'402', [287, 97, 84, 82, 97, 188])
(u'2588', [127, 32, 26, 26, 48, 90])
(u'4441', [100, 33, 20, 23, 31, 56])
(u'1862', [160, 45, 37, 36, 55, 80])
(u'4362', [99, 35, 29, 15, 28, 77])
(u'3729', [93, 22, 22, 22, 32, 57])
(u'1866', [178, 56, 40, 24, 68, 134])
(u'4449', [85, 25, 20, 18, 28, 48])
(u'3727', [107, 23, 34, 21, 33, 76])
(u'3721', [123, 29, 31, 27, 42, 61])
(u'3723', [122, 38, 26, 20, 43, 67])
(u'4687', [100, 30, 22, 25, 28, 82])
(u'4685', [93, 24, 23, 25, 26, 69])
(u'4683', [90, 25, 30, 13, 33, 87])
(u'4681', [115, 42, 18, 24, 36, 68])
(u'4939', [106, 37, 19, 20, 36, 72])
(u'969', [190, 63, 45, 52, 57, 125])
(u'4689', [85, 24, 15, 18, 34, 42])
(u'2108', [134, 49, 25, 27, 44, 74])
(u'2102', [151, 34, 37, 29, 57, 64])
(u'2100', [129, 39, 23, 28, 44, 65])
(u'2106', [142, 58, 30, 26, 43, 75])
(u'2104', [150, 36, 27, 43, 51, 116])
(u'2638', [128, 32, 32, 28, 42, 107])
(u'635', [223, 68, 43, 58, 80, 125])
(u'4935', [111, 35, 31, 25, 25, 62])
(u'2634', [121, 34, 31, 31, 31, 62])
(u'2636', [140, 51, 36, 27, 33, 70])
(u'2630', [138, 39, 39, 35, 33, 74])
(u'2632', [125, 31, 38, 25, 42, 101])
(u'4672', [86, 29, 18, 17, 26, 71])
(u'3439', [116, 40, 28, 24, 37, 64])
(u'1536', [163, 60, 26, 34, 55, 83])
(u'877', [214, 76, 57, 41, 64, 184])
(u'3433', [99, 31, 25, 27, 29, 57])
(u'873', [214, 76, 59, 44, 85, 127])
(u'3437', [128, 45, 27, 42, 26, 100])
(u'2740', [138, 40, 34, 31, 44, 87])
(u'2742', [106, 31, 30, 21, 29, 58])
(u'4597', [108, 37, 22, 21, 31, 56])
(u'2030', [145, 47, 21, 39, 47, 115])
(u'4845', [108, 32, 25, 25, 36, 57])
(u'4599', [88, 30, 15, 15, 34, 39])
(u'4841', [95, 31, 22, 23, 25, 69])
(u'3097', [105, 26, 27, 27, 35, 58])
(u'891', [208, 60, 52, 59, 65, 113])
(u'4937', [102, 32, 24, 27, 24, 82])
(u'895', [222, 70, 50, 56, 75, 132])
(u'897', [216, 72, 57, 50, 69, 184])
(u'909', [215, 58, 49, 51, 85, 176])
(u'899', [246, 64, 62, 66, 87, 191])
(u'646', [232, 75, 41, 63, 88, 140])
(u'2984', [117, 40, 21, 25, 42, 67])
(u'783', [215, 60, 39, 59, 76, 169])
(u'3231', [95, 29, 20, 25, 27, 66])
(u'1248', [176, 54, 33, 39, 71, 133])
(u'3237', [113, 37, 23, 23, 32, 60])
(u'3545', [129, 33, 34, 32, 49, 84])
(u'3547', [123, 36, 35, 25, 38, 97])
(u'3541', [104, 27, 24, 21, 35, 49])
(u'3543', [120, 35, 34, 33, 27, 62])
(u'1619', [145, 50, 27, 33, 52, 130])
(u'3549', [96, 38, 24, 18, 27, 86])
(u'260', [356, 130, 74, 107, 132, 231])
(u'1965', [151, 50, 35, 37, 49, 76])
(u'1789', [151, 52, 52, 31, 38, 122])
(u'769', [240, 84, 46, 63, 83, 204])
(u'2960', [124, 39, 23, 33, 44, 67])
(u'2962', [156, 53, 41, 41, 33, 124])
(u'4368', [97, 21, 21, 29, 28, 51])
(u'763', [233, 99, 52, 49, 67, 126])
(u'1783', [174, 47, 35, 48, 59, 94])
(u'1785', [153, 52, 40, 35, 42, 118])
(u'1961', [141, 39, 31, 40, 40, 75])
(u'3048', [125, 31, 31, 33, 37, 106])
(u'3040', [123, 32, 28, 26, 48, 61])
(u'1963', [150, 45, 41, 29, 46, 84])
(u'3044', [121, 29, 40, 21, 41, 108])
(u'3046', [119, 44, 19, 24, 43, 57])
(u'325', [337, 117, 84, 78, 123, 200])
(u'3644', [121, 41, 29, 25, 36, 74])
(u'1079', [184, 59, 41, 38, 66, 169])
(u'1077', [207, 77, 51, 47, 58, 167])
(u'1075', [175, 62, 38, 47, 47, 95])
(u'1073', [205, 73, 45, 48, 69, 118])
(u'1071', [180, 53, 45, 44, 52, 95])
(u'1679', [152, 48, 36, 28, 51, 81])
(u'1675', [153, 44, 40, 36, 47, 70])
(u'1677', [172, 56, 34, 50, 54, 131])
(u'1671', [151, 45, 38, 36, 46, 87])
(u'1673', [181, 56, 44, 40, 56, 167])
(u'1095', [212, 67, 55, 50, 56, 126])
(u'1097', [211, 65, 46, 57, 65, 188])
(u'679', [246, 75, 62, 60, 79, 143])
(u'1534', [172, 55, 49, 39, 58, 99])
(u'4337', [125, 37, 28, 28, 37, 62])
(u'4335', [97, 31, 17, 26, 31, 70])
(u'671', [234, 79, 65, 36, 78, 113])
(u'4331', [96, 31, 18, 21, 32, 58])
(u'3134', [119, 40, 22, 27, 35, 66])
(u'3136', [125, 33, 26, 34, 42, 61])
(u'3130', [104, 36, 22, 18, 36, 82])
(u'3132', [131, 42, 33, 31, 34, 69])
(u'3802', [119, 38, 25, 26, 33, 83])
(u'3138', [123, 44, 22, 25, 40, 96])
(u'4443', [110, 28, 21, 26, 41, 63])
(u'2557', [132, 34, 28, 28, 52, 70])
(u'1622', [157, 56, 34, 35, 49, 131])
(u'1419', [167, 50, 37, 45, 59, 85])
(u'4643', [78, 24, 21, 16, 28, 64])
(u'1411', [176, 55, 53, 35, 53, 171])
(u'1413', [184, 65, 41, 37, 59, 101])
(u'1415', [187, 57, 43, 36, 66, 96])
(u'1417', [179, 56, 44, 33, 65, 134])
(u'1323', [184, 51, 42, 46, 64, 144])
(u'1321', [164, 44, 41, 40, 50, 128])
(u'1327', [168, 56, 31, 44, 59, 147])
(u'1325', [180, 61, 46, 39, 59, 100])
(u'1329', [157, 58, 49, 27, 42, 90])
(u'2494', [108, 34, 16, 29, 37, 54])
(u'4209', [95, 37, 14, 23, 28, 74])
(u'4203', [114, 42, 21, 21, 39, 69])
(u'4201', [123, 49, 23, 16, 47, 117])
(u'4207', [92, 28, 19, 22, 30, 50])
(u'4205', [104, 29, 28, 22, 34, 74])
(u'4636', [88, 26, 17, 23, 27, 46])
(u'4445', [109, 26, 27, 23, 39, 57])
(u'1257', [202, 65, 40, 38, 75, 102])
(u'1527', [155, 56, 29, 43, 48, 122])
(u'1253', [185, 61, 46, 38, 61, 149])
(u'1523', [178, 54, 46, 43, 48, 104])
(u'1529', [174, 46, 49, 46, 48, 85])
(u'1259', [166, 40, 38, 49, 60, 130])
(u'309', [323, 113, 89, 76, 111, 187])
(u'3958', [90, 27, 21, 17, 28, 37])
(u'3952', [106, 33, 27, 27, 27, 73])
(u'3950', [122, 38, 31, 22, 34, 58])
(u'305', [336, 102, 90, 86, 135, 202])
(u'3954', [97, 32, 20, 19, 28, 82])
(u'4117', [97, 24, 18, 27, 30, 55])
(u'4115', [101, 24, 27, 24, 32, 58])
(u'4113', [95, 29, 18, 21, 36, 71])
(u'4111', [111, 26, 29, 28, 35, 56])
(u'4119', [101, 36, 17, 23, 32, 55])
(u'3343', [108, 25, 25, 28, 38, 51])
(u'2254', [138, 33, 37, 32, 53, 104])
(u'2070', [151, 40, 40, 35, 43, 77])
(u'2575', [136, 32, 32, 32, 48, 125])
(u'2979', [119, 37, 30, 28, 29, 63])
(u'2399', [139, 37, 28, 31, 50, 111])
(u'3059', [119, 34, 18, 31, 39, 53])
(u'989', [217, 52, 56, 52, 78, 108])
(u'3057', [110, 27, 18, 35, 32, 53])
(u'3204', [121, 32, 29, 20, 50, 111])
(u'853', [210, 69, 46, 46, 76, 163])
(u'4061', [122, 41, 26, 25, 37, 98])
(u'1057', [198, 61, 51, 44, 67, 180])
(u'4065', [95, 23, 24, 22, 34, 56])
(u'1105', [204, 74, 44, 45, 61, 152])
(u'3053', [106, 32, 19, 23, 39, 84])
(u'3899', [111, 34, 26, 33, 24, 95])
(u'4892', [81, 25, 19, 17, 23, 70])
(u'78', [597, 248, 172, 162, 240, 409])
(u'3602', [118, 32, 26, 30, 36, 63])
(u'4890', [106, 28, 22, 23, 35, 77])
(u'3606', [119, 39, 28, 23, 41, 54])
(u'3604', [117, 30, 22, 34, 39, 98])
(u'3608', [108, 44, 20, 15, 35, 87])
(u'3413', [118, 39, 28, 21, 39, 65])
(u'2775', [127, 33, 28, 37, 40, 67])
(u'4638', [82, 28, 20, 13, 23, 42])
(u'2777', [117, 40, 26, 25, 33, 93])
(u'1563', [159, 50, 42, 38, 47, 84])
(u'2359', [126, 40, 34, 28, 37, 111])
(u'2353', [141, 51, 32, 38, 30, 107])
(u'2351', [132, 48, 29, 30, 37, 107])
(u'622', [224, 71, 51, 60, 81, 131])
(u'2357', [136, 31, 35, 29, 51, 89])
(u'2355', [147, 49, 28, 30, 48, 125])
(u'2991', [119, 33, 27, 28, 38, 90])
(u'112', [492, 183, 116, 151, 196, 342])
(u'4452', [104, 47, 15, 24, 29, 85])
(u'4450', [96, 27, 25, 26, 32, 62])
(u'4456', [119, 36, 30, 24, 33, 95])
(u'4454', [88, 30, 16, 18, 27, 64])
(u'1895', [163, 53, 37, 34, 51, 145])
(u'4458', [95, 31, 20, 24, 29, 74])
(u'1891', [125, 38, 27, 27, 46, 107])
(u'3730', [99, 25, 20, 28, 36, 57])
(u'2137', [119, 35, 24, 25, 46, 84])
(u'2135', [160, 54, 27, 41, 51, 91])
(u'4694', [80, 26, 18, 16, 29, 60])
(u'4924', [90, 23, 18, 24, 26, 51])
(u'950', [218, 75, 50, 59, 68, 177])
(u'4928', [92, 28, 24, 24, 20, 49])
(u'954', [178, 58, 39, 43, 58, 102])
(u'2139', [137, 33, 38, 39, 47, 83])
(u'477', [280, 94, 75, 54, 109, 246])
(u'2649', [127, 39, 28, 28, 44, 75])
(u'2993', [118, 40, 22, 29, 38, 88])
(u'2784', [117, 50, 22, 19, 38, 62])
(u'2641', [128, 35, 38, 23, 40, 101])
(u'2643', [155, 48, 26, 31, 53, 131])
(u'2645', [130, 41, 20, 39, 40, 69])
(u'2647', [151, 42, 37, 32, 48, 115])
(u'2786', [119, 31, 34, 23, 38, 93])
(u'4805', [104, 27, 30, 21, 31, 97])
(u'3428', [113, 26, 28, 26, 39, 55])
(u'3422', [117, 38, 34, 21, 31, 88])
(u'3420', [113, 26, 35, 24, 35, 64])
(u'3426', [117, 28, 29, 31, 37, 67])
(u'3424', [103, 28, 25, 24, 32, 74])
(u'2003', [139, 41, 38, 31, 46, 76])
(u'2001', [157, 50, 41, 29, 54, 148])
(u'4588', [95, 33, 19, 29, 22, 78])
(u'4416', [110, 39, 17, 30, 28, 53])
(u'4856', [100, 28, 32, 21, 26, 81])
(u'4586', [100, 25, 30, 18, 29, 80])
(u'4580', [88, 25, 16, 18, 32, 44])
(u'4850', [86, 28, 26, 20, 16, 65])
(u'4414', [120, 32, 31, 20, 40, 87])
(u'4412', [109, 31, 24, 23, 37, 69])
(u'2852', [142, 35, 26, 37, 52, 107])
(u'4300', [91, 29, 22, 20, 28, 49])
(u'4577', [108, 29, 16, 26, 41, 82])
(u'3026', [101, 26, 20, 25, 34, 52])
(u'1857', [161, 43, 39, 45, 46, 138])
(u'3556', [102, 36, 28, 20, 25, 80])
(u'3554', [92, 30, 24, 16, 24, 45])
(u'3552', [136, 45, 28, 34, 39, 104])
(u'3550', [116, 35, 28, 18, 45, 96])
(u'668', [245, 93, 59, 51, 75, 240])
(u'3558', [131, 39, 34, 29, 38, 96])
(u'1262', [148, 48, 32, 39, 46, 132])
(u'2997', [117, 39, 25, 31, 33, 63])
(u'4944', [97, 31, 18, 19, 34, 84])
(u'2177', [142, 54, 38, 21, 46, 84])
(u'2911', [110, 37, 25, 27, 27, 55])
(u'1260', [181, 50, 49, 29, 68, 88])
(u'2915', [121, 38, 22, 31, 45, 71])
(u'2917', [138, 35, 37, 33, 45, 70])
(u'2919', [120, 34, 31, 33, 33, 77])
(u'714', [240, 66, 69, 62, 73, 143])
(u'712', [225, 77, 47, 57, 71, 177])
(u'1794', [170, 43, 37, 38, 64, 131])
(u'716', [236, 78, 69, 48, 76, 148])
(u'4966', [88, 31, 17, 21, 26, 76])
(u'505', [282, 112, 68, 66, 95, 254])
(u'1707', [157, 56, 43, 31, 45, 85])
(u'1068', [192, 56, 42, 43, 70, 154])
(u'1754', [162, 51, 29, 39, 58, 148])
(u'916', [205, 64, 48, 53, 66, 104])
(u'1060', [192, 57, 43, 54, 62, 183])
(u'2333', [151, 46, 34, 29, 57, 122])
(u'1062', [160, 55, 45, 30, 55, 151])
(u'1064', [184, 66, 42, 45, 54, 156])
(u'1066', [208, 66, 54, 44, 66, 120])
(u'1668', [155, 57, 34, 25, 54, 125])
(u'1666', [162, 41, 37, 38, 53, 83])
(u'1664', [155, 44, 34, 38, 54, 83])
(u'1662', [162, 54, 34, 33, 47, 80])
(u'1660', [170, 51, 33, 40, 59, 84])
(u'590', [266, 86, 55, 67, 98, 149])
(u'1084', [189, 52, 46, 45, 73, 151])
(u'594', [268, 94, 59, 69, 103, 159])
(u'596', [278, 93, 63, 71, 89, 226])
(u'4320', [97, 30, 15, 27, 30, 52])
(u'4322', [111, 38, 27, 17, 35, 86])
(u'4324', [100, 36, 27, 13, 33, 56])
(u'4326', [95, 25, 24, 19, 32, 51])
(u'3141', [123, 34, 28, 37, 37, 73])
(u'3143', [125, 40, 34, 26, 35, 91])
(u'3145', [134, 45, 36, 33, 33, 108])
(u'3147', [127, 46, 22, 31, 35, 71])
(u'2825', [135, 40, 32, 27, 40, 109])
(u'2827', [120, 39, 23, 27, 39, 96])
(u'2821', [138, 43, 32, 26, 47, 74])
(u'2823', [139, 56, 31, 25, 40, 70])
(u'3387', [107, 29, 36, 21, 29, 56])
(u'3385', [118, 37, 25, 29, 36, 105])
(u'3383', [113, 32, 25, 23, 41, 59])
(u'3381', [128, 37, 40, 27, 36, 74])
(u'4807', [106, 34, 23, 22, 35, 50])
(u'3389', [116, 43, 21, 25, 40, 59])
(u'1408', [187, 65, 54, 42, 46, 103])
(u'1402', [160, 63, 30, 32, 54, 87])
(u'1400', [166, 59, 44, 35, 45, 86])
(u'1406', [164, 68, 35, 40, 42, 83])
(u'1404', [173, 60, 35, 36, 64, 89])
(u'4214', [112, 35, 17, 30, 35, 55])
(u'4216', [123, 36, 24, 36, 33, 102])
(u'4210', [104, 27, 27, 22, 38, 50])
(u'1491', [185, 49, 37, 39, 71, 99])
(u'1547', [149, 42, 28, 42, 49, 112])
(u'1334', [169, 43, 46, 46, 53, 91])
(u'1358', [184, 60, 42, 48, 49, 97])
(u'1336', [178, 48, 37, 49, 66, 93])
(u'1330', [161, 54, 34, 35, 54, 101])
(u'444', [270, 106, 69, 71, 93, 180])
(u'1545', [158, 45, 38, 33, 50, 83])
(u'4623', [83, 22, 19, 20, 26, 34])
(u'1543', [168, 54, 34, 35, 56, 101])
(u'3707', [112, 32, 22, 29, 37, 83])
(u'38', [727, 325, 258, 230, 308, 560])
(u'3260', [117, 34, 34, 22, 31, 62])
(u'32', [819, 359, 284, 267, 365, 631])
(u'30', [812, 413, 270, 259, 377, 664])
(u'36', [694, 304, 232, 240, 299, 778])
(u'34', [788, 385, 235, 257, 339, 656])
(u'1240', [192, 67, 49, 48, 58, 171])
(u'642', [242, 86, 55, 54, 79, 136])
(u'1532', [165, 41, 38, 42, 65, 134])
(u'1246', [172, 51, 44, 38, 59, 94])
(u'648', [284, 101, 56, 80, 94, 165])
(u'3099', [115, 45, 23, 28, 29, 65])
(u'1538', [189, 58, 39, 46, 61, 100])
(u'1493', [163, 49, 37, 45, 49, 119])
(u'338', [339, 115, 87, 75, 137, 226])
(u'4391', [119, 32, 23, 23, 45, 58])
(u'334', [323, 114, 74, 78, 129, 199])
(u'336', [341, 107, 80, 93, 123, 206])
(u'330', [301, 95, 68, 75, 113, 162])
(u'332', [332, 116, 78, 95, 104, 282])
(u'4100', [103, 33, 27, 19, 32, 78])
(u'4102', [103, 36, 29, 20, 24, 49])
(u'4104', [125, 38, 25, 32, 40, 63])
(u'4106', [102, 21, 26, 25, 38, 59])
(u'4108', [117, 29, 24, 30, 39, 64])
(u'3125', [137, 50, 28, 22, 46, 128])
(u'1145', [180, 56, 43, 40, 63, 103])
(u'1901', [162, 55, 29, 27, 60, 143])
(u'2032', [147, 38, 32, 39, 54, 79])
(u'2980', [117, 44, 23, 20, 36, 61])
(u'3893', [105, 30, 15, 28, 38, 54])
(u'3891', [117, 31, 33, 30, 29, 89])
(u'3897', [117, 45, 24, 21, 33, 88])
(u'3895', [104, 32, 25, 22, 34, 81])
(u'3466', [119, 36, 31, 25, 40, 60])
(u'4962', [90, 24, 17, 21, 28, 48])
(u'3464', [96, 21, 32, 23, 23, 44])
(u'1464', [165, 71, 38, 41, 41, 90])
(u'3631', [116, 29, 27, 30, 40, 67])
(u'2119', [143, 43, 39, 32, 43, 75])
(u'3462', [100, 29, 19, 25, 32, 54])
(u'1466', [172, 54, 36, 38, 65, 138])
(u'4078', [104, 37, 19, 23, 31, 95])
(u'4074', [109, 34, 21, 27, 34, 62])
(u'4076', [95, 22, 19, 23, 35, 60])
(u'4070', [100, 36, 24, 21, 29, 85])
(u'4072', [107, 34, 23, 25, 29, 60])
(u'3967', [129, 36, 31, 36, 37, 108])
(u'3965', [95, 25, 22, 26, 29, 71])
(u'3963', [120, 45, 22, 26, 37, 69])
(u'3961', [104, 27, 25, 20, 38, 72])
(u'1462', [170, 56, 43, 35, 47, 124])
(u'1352', [150, 45, 39, 39, 40, 80])
(u'3969', [127, 38, 38, 23, 37, 61])
(u'3639', [111, 32, 25, 23, 35, 81])
(u'3637', [106, 31, 22, 16, 43, 65])
(u'3635', [114, 38, 29, 20, 38, 101])
(u'3633', [114, 34, 29, 29, 30, 101])
(u'840', [220, 70, 55, 48, 79, 122])
(u'1637', [170, 66, 37, 36, 45, 150])
(u'235', [377, 119, 102, 107, 140, 234])
(u'848', [203, 64, 55, 48, 70, 199])
(u'2344', [124, 38, 19, 31, 42, 98])
(u'4612', [119, 38, 27, 30, 35, 61])
(u'2340', [116, 30, 31, 24, 46, 68])
(u'2342', [131, 33, 29, 31, 49, 105])
(u'2348', [125, 43, 32, 23, 38, 66])
(u'4614', [107, 35, 23, 10, 44, 59])
(u'4616', [102, 37, 23, 20, 27, 75])
(u'2067', [124, 35, 31, 19, 44, 89])
(u'2346', [140, 47, 34, 32, 43, 80])
(u'1888', [142, 50, 27, 33, 45, 75])
(u'3703', [113, 27, 17, 31, 43, 66])
(u'4465', [97, 28, 17, 26, 33, 48])
(u'4463', [100, 34, 21, 21, 28, 58])
(u'3705', [120, 43, 26, 24, 35, 86])
(u'2120', [139, 45, 38, 23, 44, 107])
(u'2122', [135, 49, 25, 32, 46, 115])
(u'2124', [129, 33, 29, 34, 40, 116])
(u'2126', [151, 51, 29, 34, 48, 121])
(u'4917', [99, 29, 23, 20, 30, 66])
(u'4915', [103, 30, 23, 15, 41, 54])
(u'943', [194, 66, 40, 48, 63, 104])
(u'4911', [97, 27, 24, 22, 31, 57])
(u'1594', [160, 46, 34, 33, 56, 136])
(u'2658', [148, 49, 50, 28, 37, 75])
(u'2652', [125, 43, 24, 28, 41, 67])
(u'2650', [147, 61, 20, 35, 44, 107])
(u'2656', [117, 30, 30, 26, 35, 83])
(u'3039', [135, 42, 38, 31, 32, 119])
(u'3417', [118, 34, 31, 34, 28, 105])
(u'3415', [112, 29, 24, 29, 37, 60])
(u'136', [462, 181, 106, 154, 164, 510])
(u'134', [446, 174, 116, 121, 172, 311])
(u'138', [481, 192, 132, 142, 174, 441])
(u'3419', [121, 32, 21, 29, 43, 53])
(u'4869', [109, 31, 28, 23, 39, 61])
(u'2018', [135, 40, 29, 37, 46, 99])
(u'4863', [99, 30, 27, 21, 28, 52])
(u'2016', [147, 42, 24, 40, 48, 77])
(u'4867', [89, 28, 17, 18, 33, 40])
(u'4865', [96, 32, 14, 30, 27, 74])
(u'2926', [105, 23, 28, 26, 34, 95])
(u'3563', [105, 30, 26, 28, 25, 79])
(u'1453', [171, 72, 32, 34, 52, 95])
(u'3567', [122, 41, 25, 29, 35, 70])
(u'3565', [109, 36, 25, 21, 35, 54])
(u'3569', [127, 36, 29, 26, 40, 92])
(u'4485', [96, 25, 25, 15, 36, 43])
(u'1936', [139, 32, 38, 34, 45, 79])
(u'4487', [114, 32, 26, 36, 29, 61])
(u'4481', [99, 22, 20, 24, 35, 79])
(u'4483', [120, 40, 27, 24, 39, 65])
(u'4489', [91, 31, 19, 19, 29, 74])
(u'2902', [124, 45, 32, 26, 33, 59])
(u'2900', [109, 34, 26, 22, 34, 63])
(u'2906', [113, 28, 29, 39, 29, 92])
(u'2904', [104, 35, 21, 22, 35, 56])
(u'705', [229, 73, 54, 65, 76, 219])
(u'2908', [135, 46, 23, 33, 49, 77])
(u'701', [245, 88, 58, 61, 70, 209])
(u'703', [225, 74, 53, 55, 72, 137])
(u'145', [469, 167, 122, 142, 178, 304])
(u'83', [541, 220, 152, 145, 210, 514])
(u'81', [558, 210, 160, 168, 249, 552])
(u'87', [533, 212, 133, 166, 227, 359])
(u'85', [574, 231, 162, 166, 222, 669])
(u'1934', [163, 48, 40, 40, 59, 132])
(u'1592', [158, 57, 33, 48, 38, 150])
(u'1659', [154, 47, 35, 39, 48, 120])
(u'2487', [132, 36, 29, 41, 42, 82])
(u'1653', [163, 56, 25, 45, 55, 120])
(u'1651', [160, 72, 31, 34, 38, 88])
(u'1657', [159, 50, 41, 36, 51, 86])
(u'1655', [159, 64, 37, 23, 55, 93])
(u'587', [237, 79, 62, 52, 81, 200])
(u'3037', [112, 37, 25, 21, 40, 85])
(u'583', [259, 76, 57, 75, 91, 156])
(u'1631', [165, 60, 42, 28, 45, 81])
(u'589', [274, 79, 70, 57, 107, 153])
(u'3152', [132, 46, 31, 22, 42, 98])
(u'1633', [148, 42, 38, 24, 56, 134])
(u'3156', [99, 25, 23, 26, 34, 52])
(u'3154', [125, 40, 29, 21, 39, 80])
(u'2836', [125, 37, 22, 34, 41, 98])
(u'3158', [128, 37, 20, 33, 50, 69])
(u'2832', [117, 29, 27, 27, 42, 57])
(u'1635', [170, 49, 38, 31, 63, 124])
(u'1437', [177, 47, 36, 45, 64, 96])
(u'1435', [199, 63, 34, 46, 74, 113])
(u'1433', [163, 59, 45, 32, 50, 105])
(u'1431', [185, 61, 34, 50, 53, 101])
(u'3398', [108, 33, 27, 28, 24, 65])
(u'3213', [124, 37, 26, 29, 39, 58])
(u'1439', [182, 58, 39, 39, 63, 103])
(u'3709', [114, 35, 33, 28, 27, 60])
(u'1349', [176, 57, 46, 41, 49, 95])
(u'1299', [181, 54, 47, 44, 64, 103])
(u'1541', [176, 53, 43, 40, 58, 160])
(u'459', [286, 90, 65, 74, 103, 157])
(u'4263', [87, 25, 15, 27, 23, 45])
(u'4265', [94, 19, 22, 32, 28, 75])
(u'4267', [103, 31, 28, 27, 22, 56])
(u'451', [287, 107, 82, 72, 93, 175])
(u'1343', [195, 64, 33, 51, 63, 176])
(u'1345', [197, 59, 48, 50, 56, 109])
(u'457', [291, 84, 66, 72, 103, 149])
(u'318', [305, 102, 80, 81, 99, 251])
(u'4467', [130, 40, 30, 22, 44, 73])
(u'2157', [141, 51, 29, 36, 40, 77])
(u'3701', [107, 46, 19, 14, 38, 60])
(u'1266', [170, 46, 32, 45, 57, 139])
(u'1882', [161, 55, 35, 30, 58, 138])
(u'1503', [158, 48, 36, 35, 56, 92])
(u'1501', [167, 48, 38, 45, 57, 94])
(u'3088', [108, 35, 23, 23, 36, 50])
(u'651', [212, 73, 48, 53, 69, 204])
(u'3084', [97, 33, 15, 20, 36, 49])
(u'3086', [117, 25, 28, 37, 37, 92])
(u'767', [208, 71, 61, 52, 63, 125])
(u'3080', [106, 36, 31, 22, 32, 83])
(u'659', [236, 79, 52, 60, 87, 134])
(u'1886', [128, 36, 27, 36, 40, 119])
(u'3943', [119, 34, 23, 32, 42, 69])
(u'3945', [99, 32, 25, 27, 22, 56])
(u'314', [365, 105, 79, 96, 151, 225])
(u'4669', [90, 26, 15, 22, 30, 65])
(u'3884', [96, 34, 22, 19, 29, 48])
(u'3886', [112, 29, 30, 30, 32, 55])
(u'3880', [108, 41, 25, 18, 31, 98])
(u'3882', [97, 27, 19, 23, 36, 53])
(u'1264', [178, 56, 35, 38, 66, 99])
(u'2481', [132, 41, 28, 30, 39, 69])
(u'949', [191, 69, 34, 48, 59, 98])
(u'3888', [109, 35, 19, 27, 36, 94])
(u'2128', [148, 37, 43, 40, 40, 79])
(u'1884', [156, 41, 40, 40, 48, 109])
(u'4650', [94, 31, 21, 21, 27, 65])
(u'4667', [90, 30, 18, 19, 31, 80])
(u'495', [265, 88, 59, 64, 88, 148])
(u'54', [677, 306, 182, 201, 273, 449])
(u'4665', [122, 38, 28, 25, 37, 66])
(u'4913', [101, 33, 22, 25, 26, 83])
(u'2816', [142, 47, 25, 26, 52, 83])
(u'4663', [98, 27, 26, 29, 20, 73])
(u'4009', [111, 28, 28, 25, 33, 80])
(u'4001', [120, 40, 34, 27, 31, 54])
(u'4003', [106, 41, 25, 20, 26, 57])
(u'4005', [104, 37, 19, 27, 30, 47])
(u'4007', [105, 31, 25, 19, 36, 59])
(u'3970', [107, 32, 19, 26, 39, 92])
(u'321', [326, 113, 94, 82, 110, 205])
(u'3974', [111, 38, 26, 17, 34, 103])
(u'3976', [108, 35, 24, 22, 34, 56])
(u'3978', [102, 34, 22, 20, 31, 85])
(u'329', [320, 94, 94, 77, 131, 289])
(u'3628', [116, 43, 18, 22, 40, 69])
(u'3620', [98, 24, 22, 24, 32, 53])
(u'3622', [119, 37, 22, 28, 41, 52])
(u'3624', [120, 38, 24, 24, 41, 61])
(u'3626', [90, 35, 13, 23, 22, 42])
(u'2331', [135, 50, 25, 27, 43, 69])
(u'4717', [104, 24, 22, 26, 41, 49])
(u'2335', [117, 36, 23, 24, 41, 91])
(u'2337', [167, 47, 37, 42, 61, 156])
(u'2339', [135, 45, 27, 27, 48, 65])
(u'1341', [170, 52, 40, 37, 63, 134])
(u'4719', [97, 30, 17, 22, 34, 48])
(u'3073', [122, 39, 25, 28, 39, 98])
(u'1880', [134, 46, 30, 33, 39, 104])
(u'2010', [159, 47, 39, 36, 53, 137])
(u'3075', [108, 28, 20, 26, 43, 53])
(u'3714', [110, 30, 23, 25, 39, 98])
(u'4120', [101, 36, 20, 20, 33, 78])
(u'3710', [114, 38, 21, 29, 40, 64])
(u'3712', [110, 40, 26, 20, 34, 85])
(u'3077', [122, 29, 16, 38, 44, 75])
(u'3718', [111, 27, 30, 26, 37, 90])
(u'4478', [107, 25, 26, 27, 34, 56])
(u'2711', [129, 37, 34, 23, 47, 72])
(u'2955', [117, 29, 28, 29, 41, 92])
(u'4470', [114, 41, 24, 26, 34, 97])
(u'4472', [111, 28, 26, 31, 36, 91])
(u'4474', [106, 26, 21, 23, 40, 60])
(u'4476', [97, 27, 19, 26, 33, 52])
(u'4908', [98, 36, 19, 24, 25, 48])
(u'947', [198, 79, 54, 26, 65, 115])
(u'4678', [110, 39, 20, 25, 34, 82])
(u'4900', [95, 22, 18, 22, 38, 49])
(u'2485', [147, 52, 30, 25, 46, 131])
(u'2483', [120, 26, 37, 35, 38, 69])
(u'4670', [92, 31, 19, 20, 26, 70])
(u'2249', [137, 40, 31, 31, 50, 69])
(u'2245', [142, 44, 22, 40, 53, 64])
(u'2247', [139, 41, 36, 24, 46, 103])
(u'2241', [137, 45, 31, 28, 49, 77])
(u'2243', [150, 52, 32, 32, 47, 128])
(u'2465', [138, 53, 29, 18, 49, 100])
(u'2467', [119, 40, 27, 28, 34, 92])
(u'990', [188, 60, 44, 30, 73, 155])
(u'2463', [139, 35, 28, 41, 49, 105])
(u'998', [194, 68, 42, 54, 52, 159])
(u'3400', [114, 39, 29, 30, 30, 106])
(u'3402', [105, 29, 20, 29, 36, 100])
(u'3404', [116, 40, 26, 20, 41, 101])
(u'3406', [102, 39, 16, 27, 27, 71])
(u'3408', [115, 36, 28, 23, 35, 83])
(u'2654', [139, 46, 33, 24, 41, 110])
(u'945', [211, 71, 55, 33, 76, 161])
(u'4874', [105, 31, 29, 25, 25, 56])
(u'4876', [97, 34, 24, 20, 28, 51])
(u'4870', [100, 29, 28, 24, 31, 76])
(u'132', [471, 184, 137, 117, 179, 513])
(u'1921', [156, 52, 31, 32, 53, 141])
(u'1189', [196, 60, 46, 43, 61, 93])
(u'4878', [90, 23, 11, 21, 41, 71])
(u'4308', [90, 30, 15, 14, 32, 67])
(u'2069', [141, 55, 34, 27, 39, 137])
(u'130', [468, 173, 132, 143, 159, 316])
(u'1187', [184, 65, 49, 43, 55, 174])
(u'2793', [137, 37, 35, 36, 44, 75])
(u'2791', [134, 54, 29, 32, 31, 72])
(u'2065', [168, 45, 31, 38, 66, 97])
(u'2795', [110, 38, 24, 23, 35, 54])
(u'1185', [168, 47, 38, 39, 58, 92])
(u'3411', [110, 34, 23, 22, 35, 103])
(u'3255', [113, 33, 25, 30, 30, 88])
(u'3372', [106, 37, 20, 23, 29, 53])
(u'1181', [189, 47, 47, 53, 67, 116])
(u'2306', [137, 30, 33, 36, 51, 121])
(u'1347', [177, 56, 49, 41, 56, 106])
(u'3578', [117, 42, 23, 27, 34, 105])
(u'727', [232, 79, 49, 53, 82, 117])
(u'3574', [114, 31, 26, 27, 41, 88])
(u'3576', [124, 34, 24, 26, 43, 54])
(u'3570', [110, 39, 28, 17, 30, 51])
(u'3572', [120, 37, 24, 27, 45, 96])
(u'4496', [94, 36, 20, 21, 24, 55])
(u'4494', [107, 27, 31, 19, 36, 76])
(u'2663', [127, 42, 23, 31, 34, 67])
(u'2661', [152, 51, 34, 25, 50, 92])
(u'4498', [108, 22, 23, 30, 41, 59])
(u'2939', [127, 40, 39, 26, 37, 73])
(u'2937', [109, 36, 22, 33, 30, 66])
(u'2935', [130, 42, 27, 23, 43, 96])
(u'2933', [132, 62, 30, 23, 34, 81])
(u'2931', [136, 41, 28, 36, 44, 108])
(u'941', [208, 67, 47, 44, 68, 146])
(u'3798', [88, 21, 27, 19, 27, 41])
(u'1644', [178, 54, 50, 34, 62, 116])
(u'1646', [161, 48, 41, 36, 58, 129])
(u'1640', [158, 50, 32, 40, 55, 86])
(u'1642', [168, 56, 35, 30, 58, 88])
(u'1396', [166, 55, 35, 39, 53, 129])
(u'1648', [140, 38, 38, 28, 44, 106])
(u'729', [244, 94, 54, 49, 86, 194])
(u'578', [238, 69, 61, 58, 84, 145])
(u'4364', [95, 31, 17, 23, 32, 75])
(u'572', [260, 89, 64, 66, 81, 215])
(u'570', [298, 112, 66, 65, 99, 285])
(u'4229', [86, 25, 21, 23, 22, 72])
(u'576', [244, 70, 61, 69, 84, 123])
(u'574', [242, 83, 62, 61, 82, 135])
(u'2809', [131, 42, 28, 35, 33, 86])
(u'3169', [113, 38, 21, 32, 30, 104])
(u'3167', [101, 27, 23, 28, 30, 51])
(u'2801', [158, 48, 44, 41, 30, 81])
(u'3163', [109, 34, 24, 32, 27, 66])
(u'3161', [113, 30, 28, 25, 41, 52])
(u'1420', [180, 63, 35, 42, 62, 169])
(u'1422', [185, 57, 45, 44, 51, 98])
(u'3369', [105, 30, 32, 27, 25, 71])
(u'1426', [161, 63, 38, 39, 54, 133])
(u'3365', [100, 31, 27, 26, 28, 56])
(u'602', [259, 88, 56, 74, 74, 145])
(u'3361', [98, 26, 26, 20, 32, 89])
(u'3363', [111, 35, 15, 29, 40, 110])
(u'730', [216, 78, 61, 45, 62, 140])
(u'2405', [127, 46, 24, 24, 42, 98])
(u'734', [226, 68, 54, 58, 69, 189])
(u'736', [226, 79, 49, 60, 71, 123])
(u'1899', [154, 39, 33, 39, 55, 78])
(u'738', [223, 81, 45, 50, 75, 209])
(u'2151', [139, 47, 34, 32, 44, 81])
(u'4272', [106, 36, 31, 19, 23, 54])
(u'4270', [106, 26, 24, 26, 35, 57])
(u'468', [266, 99, 63, 62, 90, 169])
(u'4274', [104, 26, 21, 23, 37, 75])
(u'464', [275, 101, 65, 56, 100, 223])
(u'1350', [181, 58, 48, 43, 46, 91])
(u'1356', [177, 56, 39, 36, 60, 147])
(u'1354', [188, 59, 46, 55, 57, 116])
(u'2014', [122, 49, 31, 24, 35, 99])
(u'1273', [192, 55, 43, 51, 59, 102])
(u'4858', [109, 40, 24, 25, 33, 84])
(u'4861', [95, 25, 16, 20, 46, 79])
(u'4885', [86, 20, 24, 19, 27, 50])
(u'4955', [95, 22, 23, 27, 31, 60])
(u'1518', [168, 55, 31, 37, 65, 89])
(u'3392', [122, 46, 30, 25, 30, 114])
(u'1514', [172, 51, 41, 47, 44, 134])
(u'2409', [131, 38, 31, 27, 45, 64])
(u'1510', [166, 64, 42, 34, 43, 129])
(u'1512', [148, 47, 33, 34, 51, 117])
(u'3031', [141, 48, 36, 33, 32, 67])
(u'1004', [207, 75, 46, 48, 68, 113])
(u'958', [199, 76, 41, 43, 61, 121])
(u'1798', [165, 59, 27, 41, 52, 68])
(u'3185', [99, 36, 20, 25, 28, 60])
(u'3187', [129, 39, 23, 36, 44, 109])
(u'3181', [123, 52, 29, 23, 27, 106])
(u'585', [277, 92, 59, 72, 100, 157])
(u'2005', [149, 55, 41, 26, 48, 86])
(u'3189', [124, 39, 26, 32, 35, 71])
(u'4227', [107, 47, 10, 24, 34, 57])
(u'1277', [181, 50, 46, 44, 63, 168])
(u'4018', [107, 30, 31, 24, 28, 80])
(u'4661', [96, 27, 17, 23, 31, 44])
(u'4012', [93, 32, 22, 16, 26, 65])
(u'4010', [93, 26, 24, 14, 34, 69])
(u'1897', [150, 57, 27, 42, 40, 91])
(u'4016', [97, 31, 24, 20, 25, 45])
(u'3396', [120, 42, 21, 22, 40, 56])
(u'356', [290, 103, 76, 69, 97, 248])
(u'354', [301, 90, 78, 81, 102, 296])
(u'3989', [103, 35, 24, 14, 35, 72])
(u'350', [317, 116, 74, 88, 103, 178])
(u'3985', [105, 42, 18, 30, 22, 58])
(u'3987', [99, 34, 25, 17, 31, 49])
(u'3981', [106, 30, 35, 20, 28, 53])
(u'3983', [113, 32, 24, 28, 40, 56])
(u'3107', [106, 31, 24, 21, 35, 92])
(u'43', [681, 307, 211, 228, 286, 514])
(u'2298', [151, 49, 37, 33, 52, 82])
(u'2322', [135, 42, 34, 26, 44, 67])
(u'4704', [93, 33, 17, 13, 33, 65])
(u'4702', [104, 33, 18, 34, 25, 89])
(u'4700', [93, 32, 23, 23, 26, 58])
(u'2328', [133, 40, 38, 29, 36, 102])
(u'4854', [96, 27, 27, 24, 23, 55])
(u'288', [318, 120, 81, 74, 116, 229])
(u'1112', [194, 62, 43, 54, 63, 104])
(u'2292', [140, 45, 29, 31, 52, 112])
(u'280', [341, 124, 94, 89, 105, 301])
(u'282', [359, 124, 75, 93, 139, 214])
(u'284', [336, 125, 78, 83, 120, 206])
(u'1114', [217, 70, 51, 51, 77, 132])
(u'3761', [119, 31, 31, 19, 44, 88])
(u'3763', [125, 42, 29, 28, 35, 114])
(u'3765', [96, 23, 18, 25, 32, 69])
(u'3767', [119, 47, 21, 25, 30, 82])
(u'3769', [121, 23, 30, 31, 42, 59])
(u'1440', [165, 52, 29, 49, 51, 121])
(u'262', [373, 121, 91, 98, 136, 218])
(u'3561', [112, 26, 29, 27, 32, 54])
(u'266', [355, 120, 103, 84, 128, 300])
(u'1792', [134, 43, 28, 36, 35, 94])
(u'1561', [169, 44, 40, 37, 70, 105])
(u'286', [352, 146, 89, 89, 115, 323])
(u'268', [343, 108, 76, 98, 120, 334])
(u'2498', [142, 44, 32, 42, 39, 116])
(u'4649', [88, 29, 19, 22, 23, 49])
(u'4632', [101, 26, 29, 20, 32, 80])
(u'2490', [141, 43, 32, 31, 44, 107])
(u'4641', [92, 30, 19, 21, 25, 38])
(u'4647', [97, 31, 22, 18, 29, 59])
(u'2496', [130, 37, 29, 29, 49, 106])
(u'4630', [102, 30, 19, 22, 36, 76])
(u'2258', [143, 50, 36, 43, 35, 81])
(u'2256', [145, 45, 26, 32, 56, 118])
(u'1448', [168, 55, 35, 45, 55, 97])
(u'2252', [129, 46, 27, 25, 37, 86])
(u'3682', [101, 27, 33, 19, 29, 57])
(u'2476', [125, 46, 20, 24, 45, 75])
(u'2474', [140, 50, 24, 27, 48, 78])
(u'2472', [143, 39, 29, 31, 54, 77])
(u'2470', [129, 42, 24, 38, 35, 70])
(u'983', [209, 57, 54, 59, 62, 107])
(u'4634', [105, 29, 25, 24, 33, 91])
(u'987', [191, 62, 49, 38, 65, 116])
(u'2478', [135, 47, 29, 26, 40, 105])
(u'114', [521, 198, 126, 147, 206, 350])
(u'1790', [161, 49, 33, 38, 48, 92])
(u'116', [483, 177, 129, 155, 190, 471])
(u'110', [503, 212, 147, 125, 214, 591])
(u'253', [350, 117, 75, 91, 129, 202])
(u'118', [539, 214, 156, 149, 198, 527])
(u'4801', [87, 35, 22, 9, 30, 42])
(u'4803', [99, 37, 22, 23, 25, 53])
(u'2780', [126, 36, 32, 36, 36, 67])
(u'2782', [124, 29, 29, 27, 46, 94])
(u'4809', [113, 26, 25, 35, 32, 59])
(u'2788', [129, 46, 25, 31, 39, 77])
(u'2418', [148, 42, 39, 31, 43, 75])
(u'2078', [144, 46, 34, 25, 46, 103])
(u'2072', [109, 46, 15, 25, 28, 64])
(u'3680', [107, 40, 19, 19, 32, 50])
(u'2076', [163, 45, 42, 48, 36, 83])
(u'2074', [151, 49, 26, 36, 54, 126])
(u'952', [223, 70, 47, 71, 65, 139])
(u'1796', [154, 48, 35, 27, 56, 88])
(u'1389', [149, 50, 32, 35, 49, 93])
(u'3509', [127, 39, 29, 21, 42, 62])
(u'3501', [110, 33, 27, 30, 29, 87])
(u'3503', [119, 42, 22, 27, 32, 88])
(u'3505', [106, 33, 23, 26, 33, 53])
(u'3507', [111, 37, 20, 21, 42, 100])
(u'2670', [144, 42, 36, 36, 44, 118])
(u'2672', [124, 39, 25, 36, 35, 93])
(u'2674', [137, 45, 31, 32, 37, 106])
(u'2676', [137, 49, 32, 28, 37, 72])
(u'3435', [130, 38, 20, 30, 46, 119])
(u'2056', [163, 48, 25, 43, 59, 88])
(u'2928', [112, 34, 34, 20, 29, 59])
(u'2920', [129, 37, 22, 33, 47, 69])
(u'2922', [120, 39, 35, 21, 38, 98])
(u'2924', [131, 53, 30, 27, 30, 100])
(u'2038', [134, 47, 35, 26, 35, 69])
(u'709', [235, 69, 57, 60, 82, 199])
(u'1987', [149, 56, 33, 30, 42, 112])
(u'3217', [111, 31, 23, 37, 27, 67])
(u'3211', [116, 28, 24, 35, 35, 85])
(u'1981', [164, 47, 40, 40, 54, 82])
(u'1639', [143, 58, 27, 30, 44, 117])
(u'530', [261, 71, 69, 71, 83, 156])
(u'3219', [125, 38, 37, 29, 33, 101])
(u'1989', [153, 53, 34, 34, 43, 83])
(u'3684', [87, 32, 16, 18, 27, 65])
(u'3222', [143, 41, 29, 45, 39, 105])
(u'569', [254, 96, 46, 70, 85, 142])
(u'707', [243, 94, 47, 55, 78, 196])
(u'2810', [126, 44, 30, 29, 35, 101])
(u'2812', [122, 37, 27, 29, 39, 69])
(u'561', [252, 80, 61, 58, 92, 142])
(u'563', [240, 79, 53, 69, 82, 146])
(u'565', [259, 89, 55, 63, 92, 216])
(u'567', [259, 85, 76, 59, 88, 157])
(u'3178', [127, 40, 32, 26, 38, 61])
(u'3170', [123, 42, 22, 32, 37, 57])
(u'3172', [129, 42, 40, 26, 33, 63])
(u'3174', [107, 39, 22, 26, 29, 84])
(u'3176', [134, 41, 34, 28, 41, 96])
(u'2179', [162, 43, 34, 48, 48, 82])
(u'3378', [130, 37, 24, 29, 47, 72])
(u'3376', [117, 27, 26, 35, 34, 95])
(u'3374', [98, 34, 18, 21, 30, 51])
(u'1183', [194, 68, 44, 34, 71, 117])
(u'3370', [124, 46, 26, 26, 34, 61])
(u'2036', [143, 47, 35, 30, 43, 110])
(u'89', [547, 213, 180, 134, 194, 350])
(u'1749', [173, 51, 32, 35, 73, 82])
(u'721', [229, 86, 44, 58, 76, 195])
(u'1745', [157, 53, 37, 34, 56, 84])
(u'1747', [147, 56, 36, 30, 44, 74])
(u'1741', [156, 50, 29, 45, 44, 136])
(u'1743', [144, 35, 38, 32, 51, 84])
(u'1165', [172, 51, 56, 39, 51, 146])
(u'1167', [203, 79, 48, 37, 69, 183])
(u'1161', [196, 63, 36, 48, 68, 101])
(u'640', [242, 86, 58, 64, 65, 219])
(u'4249', [116, 36, 29, 26, 35, 87])
(u'4247', [108, 34, 29, 19, 36, 66])
(u'4245', [105, 38, 19, 23, 33, 81])
(u'1169', [187, 66, 49, 44, 58, 162])
(u'4241', [103, 33, 22, 28, 27, 72])
(u'2148', [149, 44, 36, 24, 53, 75])
(u'1802', [163, 45, 30, 49, 53, 118])
(u'2913', [137, 34, 36, 33, 42, 124])
(u'1488', [158, 42, 28, 33, 64, 126])
(u'1864', [161, 56, 35, 29, 50, 74])
(u'473', [295, 113, 71, 74, 103, 188])
(u'47', [696, 305, 233, 211, 313, 544])
(u'45', [720, 290, 243, 198, 327, 515])
(u'2034', [153, 59, 31, 36, 46, 73])
(u'41', [704, 309, 223, 210, 336, 765])
(u'1569', [173, 57, 47, 32, 57, 134])
(u'1365', [161, 44, 50, 34, 46, 118])
(u'1293', [182, 56, 49, 39, 60, 99])
(u'1291', [166, 49, 39, 43, 50, 89])
(u'1565', [147, 54, 36, 29, 48, 117])
(u'1295', [184, 59, 36, 34, 76, 105])
(u'796', [210, 71, 57, 47, 57, 193])
(u'1361', [199, 65, 39, 39, 63, 108])
(u'1381', [165, 55, 47, 38, 50, 145])
(u'794', [230, 89, 45, 48, 78, 195])
(u'4960', [101, 31, 28, 27, 25, 75])
(u'792', [213, 74, 43, 40, 75, 124])
(u'4399', [101, 27, 27, 25, 31, 77])
(u'1860', [146, 47, 36, 28, 46, 115])
(u'732', [193, 69, 52, 38, 61, 161])
(u'4393', [90, 27, 21, 19, 29, 67])
(u'4395', [106, 24, 19, 28, 40, 59])
(u'4397', [100, 33, 21, 22, 30, 93])
(u'1367', [176, 61, 41, 34, 54, 101])
(u'3194', [114, 39, 20, 23, 37, 86])
(u'1363', [173, 52, 42, 35, 56, 131])
(u'1446', [164, 47, 34, 33, 65, 91])
(u'475', [281, 89, 91, 68, 76, 152])
(u'479', [290, 97, 77, 62, 102, 240])
(u'3699', [111, 36, 24, 22, 38, 90])
(u'3198', [112, 32, 25, 27, 31, 64])
