(u'4446', [103, 26, 25, 26, 30, 53])
(u'4026', [104, 33, 21, 24, 33, 79])
(u'3724', [102, 29, 24, 26, 34, 60])
(u'4024', [109, 30, 23, 28, 30, 58])
(u'4022', [100, 34, 27, 17, 30, 57])
(u'4020', [101, 39, 16, 26, 29, 94])
(u'643', [266, 89, 73, 54, 88, 219])
(u'4028', [107, 28, 35, 25, 25, 53])
(u'966', [203, 69, 44, 45, 73, 164])
(u'344', [341, 138, 104, 83, 91, 319])
(u'346', [330, 124, 93, 76, 110, 208])
(u'340', [329, 113, 79, 86, 117, 191])
(u'342', [330, 106, 78, 82, 129, 194])
(u'3997', [108, 30, 29, 25, 36, 81])
(u'3995', [101, 29, 31, 25, 25, 56])
(u'348', [336, 95, 92, 79, 113, 317])
(u'3991', [113, 39, 20, 29, 31, 63])
(u'4930', [87, 31, 17, 18, 26, 45])
(u'4932', [102, 30, 21, 20, 40, 42])
(u'4934', [104, 34, 29, 17, 26, 84])
(u'4732', [103, 30, 24, 18, 32, 77])
(u'4730', [100, 29, 28, 20, 32, 55])
(u'4736', [86, 32, 17, 15, 27, 65])
(u'962', [200, 64, 40, 48, 68, 165])
(u'2318', [114, 39, 21, 29, 40, 68])
(u'2316', [137, 38, 31, 31, 52, 75])
(u'960', [215, 73, 56, 39, 73, 110])
(u'4738', [106, 39, 19, 15, 39, 83])
(u'2312', [139, 51, 31, 35, 32, 73])
(u'2310', [133, 43, 30, 35, 37, 99])
(u'4527', [100, 35, 18, 20, 31, 80])
(u'298', [345, 116, 70, 115, 126, 221])
(u'296', [351, 122, 104, 85, 125, 216])
(u'294', [313, 121, 81, 75, 115, 185])
(u'292', [331, 106, 86, 86, 122, 197])
(u'4525', [107, 27, 19, 21, 42, 55])
(u'290', [344, 100, 85, 100, 120, 271])
(u'3773', [86, 24, 11, 22, 31, 40])
(u'3771', [122, 37, 27, 28, 43, 99])
(u'3777', [97, 23, 25, 28, 35, 81])
(u'3775', [111, 32, 19, 28, 39, 63])
(u'4835', [103, 29, 28, 26, 33, 67])
(u'3779', [126, 27, 49, 23, 38, 59])
(u'270', [374, 142, 94, 95, 116, 318])
(u'4657', [112, 36, 27, 32, 23, 57])
(u'274', [365, 126, 91, 93, 134, 316])
(u'4521', [120, 39, 24, 24, 37, 88])
(u'276', [358, 115, 109, 82, 131, 332])
(u'278', [350, 130, 94, 92, 125, 225])
(u'4659', [87, 26, 21, 16, 27, 43])
(u'2268', [137, 52, 35, 21, 44, 77])
(u'2262', [119, 41, 31, 26, 28, 99])
(u'2260', [166, 47, 47, 38, 50, 91])
(u'1201', [203, 66, 49, 54, 64, 118])
(u'2266', [157, 40, 41, 35, 56, 85])
(u'2264', [127, 35, 35, 26, 46, 66])
(u'2442', [134, 47, 28, 31, 35, 71])
(u'2440', [136, 43, 35, 31, 42, 75])
(u'2446', [140, 45, 34, 36, 40, 78])
(u'2444', [137, 42, 38, 27, 37, 104])
(u'2448', [123, 37, 31, 28, 35, 58])
(u'3690', [101, 33, 25, 18, 34, 59])
(u'108', [518, 221, 130, 151, 178, 334])
(u'102', [530, 195, 145, 152, 223, 367])
(u'100', [537, 218, 157, 158, 202, 378])
(u'106', [534, 195, 160, 163, 201, 327])
(u'104', [528, 181, 156, 155, 192, 346])
(u'4813', [101, 36, 11, 30, 31, 74])
(u'2044', [132, 43, 28, 28, 46, 74])
(u'2042', [162, 42, 32, 37, 62, 88])
(u'4815', [102, 19, 16, 32, 38, 57])
(u'4819', [94, 30, 16, 22, 28, 71])
(u'2048', [135, 38, 24, 35, 51, 82])
(u'2839', [132, 36, 28, 31, 44, 105])
(u'1364', [173, 70, 32, 44, 50, 98])
(u'3159', [122, 39, 27, 28, 39, 70])
(u'3519', [115, 31, 25, 27, 36, 69])
(u'3513', [114, 38, 19, 30, 38, 88])
(u'3511', [99, 25, 24, 28, 25, 45])
(u'3517', [123, 48, 27, 23, 32, 74])
(u'3515', [128, 32, 29, 24, 50, 65])
(u'2688', [117, 47, 23, 19, 42, 88])
(u'2684', [123, 39, 28, 18, 43, 53])
(u'2686', [152, 40, 29, 35, 56, 76])
(u'2680', [147, 45, 31, 42, 40, 67])
(u'2682', [122, 36, 36, 33, 27, 79])
(u'3391', [97, 30, 26, 21, 32, 78])
(u'3999', [105, 34, 24, 21, 29, 60])
(u'3694', [88, 28, 15, 19, 30, 54])
(u'1434', [185, 58, 47, 48, 53, 172])
(u'99', [569, 238, 154, 154, 205, 546])
(u'91', [526, 211, 150, 152, 210, 363])
(u'3395', [105, 28, 27, 25, 32, 58])
(u'93', [533, 210, 138, 162, 222, 588])
(u'95', [548, 239, 145, 165, 214, 546])
(u'97', [546, 209, 160, 144, 232, 605])
(u'3207', [132, 43, 29, 26, 48, 98])
(u'1993', [136, 40, 30, 29, 53, 106])
(u'3203', [130, 36, 31, 19, 49, 66])
(u'3397', [99, 28, 26, 20, 36, 83])
(u'3201', [127, 40, 29, 22, 44, 72])
(u'1999', [133, 40, 25, 30, 49, 78])
(u'3993', [98, 27, 23, 21, 32, 49])
(u'1629', [170, 48, 52, 35, 55, 146])
(u'4833', [95, 31, 31, 13, 26, 63])
(u'3209', [116, 29, 29, 28, 31, 97])
(u'2860', [124, 38, 26, 27, 50, 70])
(u'2862', [130, 39, 30, 24, 44, 67])
(u'559', [272, 88, 75, 64, 86, 158])
(u'2866', [121, 40, 27, 29, 33, 112])
(u'555', [243, 104, 56, 51, 77, 216])
(u'557', [262, 72, 77, 74, 82, 149])
(u'551', [238, 83, 60, 52, 78, 146])
(u'553', [236, 72, 62, 58, 77, 136])
(u'1199', [203, 54, 47, 55, 71, 110])
(u'3348', [123, 36, 37, 30, 32, 117])
(u'1191', [198, 58, 43, 51, 61, 181])
(u'3340', [118, 34, 29, 28, 32, 93])
(u'1195', [187, 66, 36, 39, 67, 96])
(u'1197', [182, 68, 38, 35, 54, 142])
(u'1759', [144, 41, 42, 28, 49, 115])
(u'1757', [148, 61, 34, 28, 47, 85])
(u'1755', [151, 46, 51, 19, 52, 87])
(u'1753', [138, 49, 21, 36, 46, 72])
(u'1751', [155, 51, 28, 32, 57, 129])
(u'4259', [122, 37, 33, 22, 39, 87])
(u'1175', [192, 74, 42, 44, 58, 108])
(u'1173', [175, 54, 41, 41, 58, 139])
(u'1171', [206, 66, 51, 46, 68, 173])
(u'4251', [99, 43, 23, 16, 22, 50])
(u'4253', [98, 30, 25, 14, 31, 54])
(u'4255', [89, 29, 22, 15, 29, 83])
(u'1179', [203, 61, 40, 62, 56, 114])
(u'1007', [194, 56, 49, 48, 64, 106])
(u'1005', [191, 70, 38, 37, 74, 115])
(u'1285', [175, 57, 49, 37, 58, 116])
(u'1287', [186, 68, 42, 38, 58, 100])
(u'1281', [165, 65, 36, 40, 40, 81])
(u'1283', [183, 60, 42, 42, 56, 144])
(u'1003', [185, 69, 44, 48, 49, 105])
(u'1289', [205, 63, 57, 44, 66, 120])
(u'3430', [140, 44, 29, 33, 41, 74])
(u'1579', [180, 63, 42, 30, 56, 91])
(u'689', [211, 69, 51, 44, 81, 174])
(u'517', [273, 90, 67, 69, 87, 163])
(u'685', [231, 95, 54, 50, 72, 192])
(u'1571', [180, 62, 39, 35, 56, 92])
(u'681', [234, 87, 51, 51, 74, 128])
(u'3432', [135, 42, 23, 26, 53, 84])
(u'1575', [159, 47, 36, 45, 51, 82])
(u'1227', [175, 53, 43, 36, 62, 155])
(u'3434', [114, 34, 22, 26, 39, 55])
(u'1225', [190, 56, 45, 46, 59, 108])
(u'870', [207, 67, 52, 58, 54, 119])
(u'1223', [182, 63, 36, 37, 61, 105])
(u'4592', [109, 26, 29, 24, 35, 101])
(u'4389', [98, 24, 26, 22, 32, 55])
(u'625', [265, 72, 77, 78, 85, 257])
(u'4383', [107, 40, 19, 26, 28, 50])
(u'4381', [92, 30, 21, 21, 27, 71])
(u'4387', [101, 39, 20, 21, 28, 57])
(u'4590', [103, 26, 31, 22, 30, 50])
(u'4385', [83, 26, 11, 24, 28, 67])
(u'1371', [180, 61, 43, 39, 63, 99])
(u'450', [270, 95, 69, 71, 87, 230])
(u'1373', [177, 62, 36, 45, 59, 147])
(u'403', [307, 106, 84, 61, 97, 245])
(u'1377', [181, 61, 34, 42, 61, 143])
(u'1379', [171, 66, 40, 33, 46, 133])
(u'2745', [140, 40, 29, 32, 49, 76])
(u'629', [258, 95, 68, 57, 77, 225])
(u'409', [329, 113, 95, 76, 113, 278])
(u'3834', [120, 41, 26, 31, 34, 70])
(u'3836', [100, 33, 19, 28, 28, 57])
(u'3830', [96, 18, 23, 20, 41, 55])
(u'2747', [131, 43, 21, 37, 37, 68])
(u'3832', [115, 40, 19, 23, 44, 72])
(u'1344', [164, 49, 36, 41, 56, 134])
(u'2192', [146, 51, 36, 35, 39, 78])
(u'3838', [128, 49, 23, 29, 34, 104])
(u'4031', [96, 27, 21, 22, 35, 47])
(u'2749', [115, 35, 28, 25, 38, 55])
(u'4033', [109, 36, 22, 24, 35, 89])
(u'4035', [115, 38, 32, 17, 35, 53])
(u'4187', [88, 22, 20, 23, 26, 60])
(u'4037', [95, 34, 20, 18, 28, 75])
(u'4039', [95, 41, 26, 15, 20, 76])
(u'4598', [106, 44, 16, 27, 26, 85])
(u'4734', [85, 33, 21, 15, 24, 54])
(u'379', [316, 119, 85, 75, 104, 285])
(u'2039', [146, 53, 36, 29, 38, 90])
(u'371', [318, 107, 82, 91, 103, 191])
(u'373', [301, 108, 75, 79, 102, 252])
(u'375', [302, 115, 75, 68, 98, 267])
(u'2314', [128, 39, 21, 29, 49, 61])
(u'377', [308, 100, 79, 85, 102, 267])
(u'393', [328, 111, 81, 70, 132, 182])
(u'391', [312, 102, 80, 77, 111, 184])
(u'397', [320, 102, 79, 80, 115, 176])
(u'395', [321, 120, 75, 82, 98, 268])
(u'399', [319, 97, 84, 78, 124, 275])
(u'2309', [141, 46, 30, 32, 45, 76])
(u'1247', [170, 55, 32, 32, 62, 100])
(u'4729', [101, 33, 21, 28, 25, 76])
(u'4725', [85, 22, 25, 14, 29, 49])
(u'4727', [92, 25, 16, 23, 33, 70])
(u'4721', [107, 35, 25, 22, 33, 51])
(u'4723', [94, 31, 14, 22, 34, 63])
(u'3748', [91, 30, 18, 26, 27, 47])
(u'3746', [109, 38, 20, 26, 33, 59])
(u'3744', [112, 37, 25, 28, 36, 57])
(u'3742', [139, 36, 37, 25, 44, 68])
(u'3740', [109, 37, 21, 23, 34, 58])
(u'245', [361, 132, 89, 85, 140, 324])
(u'247', [367, 119, 99, 103, 117, 371])
(u'4675', [89, 25, 23, 15, 29, 47])
(u'4624', [93, 24, 15, 27, 34, 52])
(u'243', [379, 135, 97, 97, 131, 227])
(u'4628', [96, 26, 22, 13, 43, 79])
(u'249', [350, 114, 95, 90, 126, 225])
(u'2275', [124, 42, 26, 24, 39, 75])
(u'2277', [115, 35, 30, 19, 42, 86])
(u'2271', [154, 45, 36, 32, 55, 88])
(u'2273', [153, 45, 31, 40, 56, 147])
(u'2279', [135, 44, 31, 33, 34, 106])
(u'2459', [139, 48, 26, 22, 50, 123])
(u'2455', [143, 55, 30, 25, 41, 113])
(u'2457', [142, 43, 28, 32, 47, 85])
(u'2451', [133, 42, 31, 32, 36, 75])
(u'2453', [122, 44, 26, 22, 44, 103])
(u'179', [419, 143, 103, 116, 170, 267])
(u'177', [450, 163, 124, 114, 176, 275])
(u'175', [393, 146, 102, 102, 152, 362])
(u'173', [410, 143, 91, 114, 174, 373])
(u'171', [419, 163, 104, 121, 165, 284])
(u'3698', [106, 43, 15, 19, 31, 76])
(u'656', [240, 69, 58, 55, 97, 206])
(u'2053', [140, 53, 30, 33, 39, 72])
(u'4538', [97, 36, 25, 23, 18, 46])
(u'1366', [190, 64, 40, 49, 54, 95])
(u'4828', [95, 34, 21, 14, 32, 56])
(u'2059', [167, 38, 45, 40, 55, 136])
(u'4824', [101, 34, 17, 22, 30, 73])
(u'4822', [88, 29, 24, 21, 24, 58])
(u'654', [235, 75, 69, 43, 77, 189])
(u'4820', [100, 27, 20, 25, 37, 43])
(u'2156', [142, 48, 29, 28, 52, 83])
(u'3089', [123, 29, 31, 30, 37, 54])
(u'2969', [129, 36, 40, 24, 38, 100])
(u'650', [249, 84, 60, 58, 86, 136])
(u'4671', [91, 24, 21, 20, 31, 44])
(u'3526', [102, 33, 17, 22, 38, 61])
(u'3524', [112, 39, 25, 14, 36, 60])
(u'3522', [99, 34, 22, 23, 24, 56])
(u'3520', [102, 31, 25, 20, 33, 75])
(u'3087', [113, 40, 17, 27, 35, 88])
(u'3528', [107, 30, 30, 24, 29, 48])
(u'4655', [101, 37, 26, 19, 23, 85])
(u'272', [366, 121, 77, 89, 146, 304])
(u'1977', [136, 43, 28, 29, 40, 81])
(u'3083', [115, 39, 29, 22, 38, 56])
(u'2699', [128, 38, 27, 31, 41, 97])
(u'2697', [124, 47, 24, 24, 37, 97])
(u'4651', [107, 36, 19, 28, 35, 95])
(u'2695', [126, 39, 32, 36, 27, 65])
(u'2693', [119, 46, 31, 17, 39, 65])
(u'3227', [123, 39, 25, 24, 44, 111])
(u'2691', [125, 40, 34, 26, 39, 64])
(u'4653', [93, 27, 24, 27, 25, 70])
(u'1605', [166, 49, 28, 50, 53, 93])
(u'3672', [98, 25, 27, 23, 31, 50])
(u'1971', [146, 50, 32, 34, 45, 83])
(u'1115', [204, 66, 42, 53, 64, 107])
(u'4554', [100, 33, 21, 24, 36, 60])
(u'3232', [112, 42, 26, 17, 34, 53])
(u'3230', [121, 38, 28, 31, 32, 93])
(u'1968', [154, 49, 27, 30, 63, 74])
(u'1618', [171, 67, 33, 33, 55, 88])
(u'1616', [162, 50, 32, 51, 43, 88])
(u'4552', [105, 24, 22, 33, 32, 91])
(u'1614', [169, 53, 42, 45, 54, 147])
(u'1960', [165, 51, 44, 30, 53, 118])
(u'1610', [142, 45, 33, 34, 49, 110])
(u'3674', [98, 23, 31, 25, 25, 51])
(u'2091', [144, 55, 30, 29, 38, 78])
(u'2873', [136, 42, 33, 26, 46, 71])
(u'2871', [121, 44, 16, 25, 40, 85])
(u'2877', [116, 34, 33, 28, 35, 94])
(u'2875', [126, 39, 28, 32, 38, 74])
(u'3683', [122, 31, 20, 37, 37, 59])
(u'2879', [121, 39, 26, 23, 39, 95])
(u'3355', [125, 37, 32, 28, 40, 103])
(u'3357', [132, 40, 38, 25, 39, 111])
(u'3351', [110, 29, 23, 27, 36, 85])
(u'3353', [130, 38, 28, 32, 38, 90])
(u'3359', [110, 42, 28, 25, 29, 59])
(u'1768', [158, 36, 42, 40, 50, 68])
(u'1762', [164, 58, 41, 31, 58, 99])
(u'1760', [141, 50, 33, 28, 44, 129])
(u'1766', [177, 44, 31, 45, 68, 148])
(u'1764', [140, 46, 29, 41, 39, 128])
(u'1142', [180, 53, 39, 38, 72, 156])
(u'1788', [159, 47, 36, 30, 63, 125])
(u'1140', [190, 63, 48, 46, 57, 153])
(u'1146', [201, 66, 54, 43, 65, 110])
(u'1144', [192, 67, 42, 42, 54, 96])
(u'1148', [194, 69, 43, 40, 60, 157])
(u'4536', [109, 36, 19, 32, 29, 75])
(u'768', [229, 77, 58, 54, 78, 145])
(u'474', [271, 86, 62, 78, 91, 231])
(u'1546', [171, 48, 34, 46, 62, 108])
(u'1544', [165, 62, 38, 44, 40, 152])
(u'1542', [161, 54, 34, 44, 52, 132])
(u'1540', [169, 45, 50, 35, 54, 161])
(u'698', [256, 96, 55, 59, 69, 137])
(u'1548', [161, 57, 39, 35, 43, 128])
(u'542', [259, 82, 63, 64, 91, 226])
(u'762', [238, 71, 61, 58, 71, 118])
(u'540', [249, 82, 69, 54, 84, 136])
(u'546', [259, 99, 59, 70, 67, 162])
(u'544', [278, 98, 62, 67, 92, 235])
(u'548', [259, 71, 62, 59, 104, 144])
(u'760', [222, 78, 55, 57, 59, 138])
(u'1784', [145, 41, 36, 35, 55, 136])
(u'1786', [146, 39, 46, 32, 36, 79])
(u'414', [292, 124, 66, 74, 88, 158])
(u'416', [291, 111, 69, 71, 85, 243])
(u'1388', [165, 48, 38, 32, 59, 100])
(u'412', [280, 88, 76, 75, 102, 181])
(u'1384', [179, 70, 32, 33, 57, 104])
(u'1386', [167, 57, 33, 44, 57, 93])
(u'418', [328, 102, 83, 81, 123, 281])
(u'1382', [172, 49, 43, 40, 53, 131])
(u'3827', [113, 23, 34, 23, 42, 65])
(u'3825', [122, 47, 23, 23, 34, 71])
(u'4532', [109, 24, 32, 21, 42, 60])
(u'3823', [98, 39, 28, 15, 24, 93])
(u'3821', [91, 23, 21, 21, 30, 70])
(u'3582', [112, 38, 20, 25, 37, 86])
(u'3829', [117, 37, 22, 25, 38, 55])
(u'1177', [170, 50, 36, 44, 51, 95])
(u'4282', [104, 30, 26, 22, 40, 89])
(u'4280', [104, 36, 19, 18, 37, 52])
(u'4286', [89, 27, 26, 14, 26, 72])
(u'4284', [94, 25, 18, 27, 34, 45])
(u'4288', [108, 42, 35, 18, 28, 91])
(u'3588', [101, 25, 21, 24, 43, 59])
(u'368', [308, 99, 68, 74, 121, 177])
(u'366', [342, 122, 97, 84, 106, 296])
(u'364', [321, 115, 86, 73, 123, 184])
(u'362', [342, 115, 89, 79, 121, 322])
(u'360', [349, 119, 82, 85, 131, 298])
(u'380', [316, 105, 84, 86, 109, 193])
(u'382', [260, 87, 65, 60, 97, 152])
(u'384', [315, 102, 72, 80, 108, 303])
(u'386', [302, 88, 81, 72, 117, 261])
(u'388', [299, 108, 86, 75, 86, 194])
(u'4758', [107, 36, 15, 26, 32, 89])
(u'4750', [97, 27, 16, 26, 35, 76])
(u'4752', [94, 35, 21, 20, 23, 66])
(u'4754', [96, 41, 12, 19, 34, 56])
(u'4756', [85, 23, 19, 19, 26, 40])
(u'3216', [113, 38, 30, 21, 31, 58])
(u'3759', [106, 29, 25, 25, 34, 84])
(u'4664', [98, 33, 28, 19, 21, 57])
(u'3751', [98, 30, 22, 21, 34, 67])
(u'900', [240, 76, 46, 73, 75, 195])
(u'3753', [93, 29, 25, 19, 31, 54])
(u'3755', [117, 33, 29, 18, 41, 56])
(u'3757', [114, 31, 17, 26, 46, 61])
(u'2190', [120, 28, 30, 32, 38, 62])
(u'4631', [104, 38, 20, 25, 31, 59])
(u'2194', [132, 47, 25, 27, 39, 110])
(u'2196', [126, 42, 30, 33, 32, 67])
(u'2198', [155, 54, 33, 38, 41, 70])
(u'250', [333, 126, 71, 90, 134, 210])
(u'256', [382, 138, 93, 101, 129, 232])
(u'254', [386, 139, 95, 88, 151, 341])
(u'2200', [124, 41, 25, 33, 41, 71])
(u'2202', [143, 47, 28, 31, 42, 72])
(u'2204', [145, 48, 30, 33, 46, 120])
(u'2206', [138, 45, 37, 32, 40, 62])
(u'2208', [135, 55, 28, 24, 37, 71])
(u'3210', [127, 30, 32, 31, 38, 96])
(u'2428', [155, 54, 42, 31, 42, 95])
(u'2046', [151, 40, 38, 24, 65, 133])
(u'2420', [128, 38, 21, 33, 48, 111])
(u'2422', [152, 50, 31, 42, 47, 124])
(u'2424', [129, 33, 25, 32, 47, 61])
(u'4811', [101, 30, 22, 15, 39, 85])
(u'2426', [125, 44, 26, 22, 46, 61])
(u'168', [400, 112, 97, 118, 171, 361])
(u'164', [431, 160, 120, 112, 144, 280])
(u'4817', [124, 37, 29, 26, 39, 101])
(u'166', [458, 194, 106, 111, 179, 427])
(u'160', [426, 144, 109, 127, 171, 463])
(u'162', [456, 181, 122, 114, 162, 292])
(u'4839', [102, 31, 22, 18, 39, 73])
(u'3689', [101, 37, 15, 20, 33, 57])
(u'2040', [158, 44, 40, 43, 44, 86])
(u'4529', [102, 24, 23, 21, 36, 51])
(u'4831', [112, 33, 25, 20, 41, 87])
(u'3681', [116, 31, 26, 24, 40, 81])
(u'4523', [100, 27, 18, 27, 32, 53])
(u'4837', [93, 25, 19, 20, 38, 58])
(u'1843', [149, 47, 34, 37, 48, 78])
(u'3212', [120, 41, 19, 27, 42, 97])
(u'2518', [145, 40, 36, 34, 45, 79])
(u'2514', [124, 43, 25, 28, 41, 113])
(u'2516', [119, 40, 21, 25, 43, 64])
(u'2510', [135, 45, 25, 27, 48, 64])
(u'908', [201, 68, 49, 52, 63, 110])
(u'2512', [123, 34, 23, 35, 42, 94])
(u'2734', [137, 45, 34, 31, 39, 75])
(u'2736', [138, 43, 29, 36, 40, 116])
(u'2730', [124, 34, 26, 30, 47, 90])
(u'2732', [105, 33, 26, 20, 31, 47])
(u'4426', [90, 29, 20, 12, 34, 73])
(u'2738', [138, 44, 32, 31, 44, 131])
(u'3531', [115, 39, 34, 20, 29, 60])
(u'3533', [111, 38, 23, 22, 36, 82])
(u'3535', [113, 33, 25, 30, 34, 65])
(u'1845', [141, 42, 33, 30, 50, 70])
(u'3537', [120, 40, 30, 29, 24, 63])
(u'3539', [104, 32, 21, 30, 28, 49])
(u'678', [239, 84, 55, 66, 71, 125])
(u'1814', [168, 58, 33, 43, 47, 89])
(u'1816', [147, 44, 36, 33, 44, 70])
(u'1810', [152, 47, 30, 45, 48, 125])
(u'1092', [218, 77, 50, 40, 68, 120])
(u'1812', [165, 57, 37, 42, 51, 96])
(u'1818', [157, 49, 36, 38, 51, 90])
(u'2794', [140, 42, 27, 41, 39, 120])
(u'674', [241, 78, 71, 52, 85, 234])
(u'4662', [111, 29, 12, 32, 41, 87])
(u'4334', [112, 46, 29, 20, 20, 54])
(u'670', [256, 88, 56, 72, 90, 212])
(u'4952', [96, 32, 16, 29, 27, 54])
(u'672', [236, 87, 60, 51, 78, 199])
(u'4950', [83, 27, 18, 20, 22, 36])
(u'1609', [160, 44, 33, 45, 59, 85])
(u'3229', [98, 35, 14, 31, 26, 55])
(u'1979', [159, 43, 38, 31, 65, 141])
(u'1601', [157, 58, 33, 36, 42, 145])
(u'2161', [159, 41, 33, 32, 65, 86])
(u'1975', [137, 38, 28, 35, 48, 86])
(u'1973', [139, 48, 31, 38, 41, 118])
(u'1607', [165, 51, 42, 36, 47, 76])
(u'809', [234, 83, 65, 48, 67, 197])
(u'4954', [100, 35, 19, 20, 30, 53])
(u'803', [227, 59, 51, 55, 86, 135])
(u'801', [209, 64, 48, 62, 65, 174])
(u'807', [213, 76, 46, 48, 75, 117])
(u'805', [220, 75, 60, 61, 67, 134])
(u'2848', [109, 30, 22, 28, 34, 51])
(u'2846', [134, 37, 31, 30, 44, 101])
(u'1849', [144, 49, 33, 36, 35, 78])
(u'2844', [118, 33, 21, 34, 33, 61])
(u'2842', [127, 31, 38, 35, 31, 89])
(u'2840', [125, 38, 35, 27, 40, 100])
(u'3320', [115, 38, 26, 30, 26, 59])
(u'3322', [108, 34, 27, 21, 33, 61])
(u'3324', [136, 34, 37, 31, 44, 64])
(u'3326', [119, 43, 24, 30, 27, 64])
(u'3328', [119, 33, 26, 25, 44, 74])
(u'1775', [164, 54, 42, 25, 61, 100])
(u'3971', [100, 23, 25, 27, 30, 76])
(u'1777', [144, 56, 40, 28, 39, 71])
(u'1771', [156, 48, 35, 35, 46, 80])
(u'1773', [150, 48, 32, 30, 56, 112])
(u'1779', [147, 53, 30, 26, 50, 79])
(u'320', [313, 108, 68, 92, 124, 328])
(u'326', [327, 101, 97, 85, 113, 333])
(u'1551', [161, 58, 39, 35, 51, 154])
(u'1159', [200, 59, 55, 43, 69, 167])
(u'324', [316, 120, 72, 67, 127, 277])
(u'1155', [195, 61, 59, 38, 61, 180])
(u'1157', [195, 62, 52, 43, 54, 101])
(u'1151', [200, 54, 57, 53, 65, 188])
(u'1153', [199, 58, 40, 47, 72, 155])
(u'59', [636, 253, 205, 211, 247, 466])
(u'2998', [115, 39, 23, 20, 42, 61])
(u'1553', [142, 58, 24, 27, 48, 83])
(u'1555', [163, 48, 39, 33, 55, 116])
(u'1557', [155, 56, 34, 45, 40, 122])
(u'3034', [127, 48, 24, 26, 37, 66])
(u'1559', [159, 45, 36, 38, 55, 120])
(u'57', [677, 262, 203, 190, 279, 470])
(u'51', [676, 290, 211, 222, 246, 507])
(u'53', [628, 259, 202, 193, 278, 481])
(u'537', [300, 101, 84, 63, 108, 270])
(u'55', [665, 310, 197, 202, 289, 482])
(u'535', [273, 97, 53, 75, 93, 166])
(u'533', [255, 101, 46, 69, 88, 222])
(u'531', [249, 97, 57, 57, 82, 216])
(u'2992', [129, 40, 27, 21, 48, 113])
(u'539', [265, 93, 48, 66, 103, 225])
(u'4691', [102, 23, 22, 26, 34, 48])
(u'3030', [122, 33, 28, 35, 30, 64])
(u'3294', [106, 36, 20, 26, 34, 52])
(u'3032', [121, 42, 31, 27, 39, 98])
(u'1904', [153, 52, 40, 34, 51, 128])
(u'1902', [164, 46, 38, 36, 57, 84])
(u'429', [309, 115, 83, 77, 95, 301])
(u'3292', [115, 38, 26, 23, 36, 54])
(u'1399', [178, 52, 39, 50, 54, 99])
(u'421', [298, 101, 81, 83, 96, 304])
(u'423', [296, 105, 68, 79, 102, 296])
(u'1393', [152, 51, 34, 36, 47, 136])
(u'1391', [173, 62, 33, 28, 65, 107])
(u'4693', [100, 30, 16, 25, 33, 57])
(u'3812', [123, 32, 33, 27, 38, 66])
(u'3452', [112, 37, 20, 26, 38, 62])
(u'3810', [104, 33, 25, 20, 32, 63])
(u'3816', [100, 30, 25, 20, 33, 48])
(u'3814', [110, 29, 19, 24, 43, 104])
(u'3818', [109, 40, 23, 26, 25, 101])
(u'3450', [111, 29, 30, 25, 34, 61])
(u'3627', [114, 40, 25, 24, 29, 78])
(u'850', [208, 68, 54, 50, 71, 175])
(u'4299', [93, 27, 24, 13, 35, 47])
(u'852', [199, 60, 50, 53, 73, 111])
(u'4295', [110, 36, 29, 24, 31, 85])
(u'4297', [106, 32, 19, 27, 38, 77])
(u'4291', [91, 32, 15, 14, 35, 45])
(u'4293', [111, 33, 20, 27, 34, 85])
(u'4749', [89, 29, 19, 20, 27, 49])
(u'4743', [101, 27, 21, 28, 25, 53])
(u'4741', [103, 31, 26, 26, 29, 57])
(u'4747', [91, 35, 18, 17, 31, 45])
(u'4745', [99, 32, 16, 21, 35, 46])
(u'2330', [142, 48, 25, 38, 38, 83])
(u'4716', [105, 30, 32, 20, 32, 80])
(u'2183', [150, 55, 38, 29, 37, 67])
(u'2181', [159, 57, 30, 38, 52, 91])
(u'2187', [136, 41, 33, 37, 48, 70])
(u'229', [393, 140, 89, 94, 149, 239])
(u'227', [370, 131, 87, 85, 128, 293])
(u'4710', [96, 29, 20, 17, 34, 70])
(u'225', [397, 154, 109, 96, 137, 351])
(u'4602', [93, 29, 21, 18, 35, 50])
(u'4600', [103, 37, 19, 20, 36, 57])
(u'2213', [128, 44, 30, 29, 30, 59])
(u'2211', [133, 35, 40, 25, 42, 71])
(u'2217', [143, 36, 35, 34, 53, 115])
(u'2336', [137, 45, 32, 30, 44, 108])
(u'2215', [130, 40, 27, 32, 46, 120])
(u'2219', [124, 41, 36, 25, 32, 103])
(u'151', [407, 161, 109, 92, 162, 358])
(u'2439', [127, 38, 31, 24, 41, 55])
(u'155', [470, 187, 123, 114, 169, 413])
(u'157', [417, 155, 109, 104, 156, 250])
(u'2433', [129, 41, 24, 31, 41, 72])
(u'2431', [154, 46, 37, 32, 52, 86])
(u'2437', [139, 38, 29, 39, 49, 81])
(u'2435', [121, 37, 25, 36, 33, 64])
(u'4518', [100, 34, 23, 18, 29, 72])
(u'4512', [108, 38, 27, 26, 28, 62])
(u'4510', [84, 24, 27, 15, 22, 59])
(u'4516', [100, 32, 26, 19, 27, 77])
(u'4514', [94, 34, 15, 18, 35, 45])
(u'2509', [119, 37, 28, 27, 39, 114])
(u'2507', [123, 47, 22, 25, 39, 98])
(u'2505', [128, 33, 30, 29, 43, 75])
(u'2503', [133, 37, 31, 29, 44, 103])
(u'2501', [127, 49, 25, 27, 38, 61])
(u'2727', [135, 46, 22, 28, 48, 111])
(u'2725', [126, 49, 25, 30, 33, 69])
(u'2723', [134, 38, 31, 41, 39, 106])
(u'2721', [113, 33, 30, 26, 39, 70])
(u'2729', [137, 48, 25, 29, 46, 105])
(u'1807', [163, 65, 25, 34, 61, 126])
(u'3780', [88, 32, 16, 23, 28, 70])
(u'1803', [144, 45, 24, 44, 42, 74])
(u'2974', [128, 38, 20, 39, 45, 62])
(u'1801', [158, 51, 33, 38, 53, 125])
(u'3788', [117, 47, 18, 26, 34, 95])
(u'1809', [147, 50, 21, 34, 48, 71])
(u'4996', [92, 32, 19, 18, 28, 69])
(u'4994', [93, 35, 18, 25, 22, 52])
(u'4992', [109, 35, 18, 25, 37, 85])
(u'4990', [89, 30, 23, 20, 20, 74])
(u'4998', [94, 34, 22, 18, 24, 71])
(u'3258', [113, 35, 19, 29, 39, 101])
(u'1256', [160, 48, 36, 38, 54, 89])
(u'1948', [150, 47, 30, 27, 55, 75])
(u'1942', [149, 51, 32, 33, 46, 83])
(u'1940', [137, 37, 35, 37, 37, 71])
(u'1946', [163, 54, 38, 33, 49, 82])
(u'1526', [150, 57, 27, 40, 46, 78])
(u'1944', [167, 40, 39, 41, 54, 132])
(u'818', [222, 83, 56, 47, 68, 116])
(u'810', [217, 62, 58, 45, 81, 172])
(u'1252', [175, 60, 40, 46, 52, 149])
(u'812', [224, 77, 40, 59, 79, 133])
(u'814', [214, 49, 66, 55, 79, 211])
(u'816', [204, 72, 52, 41, 70, 107])
(u'2859', [117, 31, 23, 23, 43, 56])
(u'1623', [165, 62, 43, 32, 50, 91])
(u'1522', [165, 60, 31, 45, 49, 156])
(u'2851', [120, 36, 25, 21, 44, 95])
(u'2853', [107, 30, 22, 25, 37, 87])
(u'2855', [98, 32, 20, 22, 29, 60])
(u'3205', [147, 51, 30, 33, 46, 83])
(u'2857', [122, 37, 25, 29, 36, 59])
(u'3333', [125, 40, 33, 28, 33, 67])
(u'1397', [181, 71, 42, 40, 48, 147])
(u'1492', [176, 62, 39, 50, 49, 142])
(u'1494', [197, 58, 42, 45, 70, 160])
(u'1496', [162, 47, 38, 35, 53, 91])
(u'1498', [182, 50, 39, 42, 62, 100])
(u'1995', [149, 48, 32, 37, 41, 129])
(u'3339', [128, 46, 34, 24, 38, 72])
(u'1395', [169, 54, 38, 40, 56, 84])
(u'1700', [153, 47, 35, 39, 45, 143])
(u'2095', [144, 48, 32, 26, 55, 78])
(u'1702', [161, 59, 30, 39, 60, 102])
(u'1704', [145, 47, 36, 30, 44, 117])
(u'1997', [142, 48, 28, 31, 47, 102])
(u'1706', [170, 51, 35, 48, 61, 108])
(u'1708', [158, 53, 35, 32, 51, 105])
(u'425', [298, 112, 77, 74, 96, 176])
(u'1168', [179, 59, 35, 61, 45, 142])
(u'4572', [94, 28, 19, 25, 29, 47])
(u'427', [296, 101, 64, 81, 108, 161])
(u'4574', [88, 24, 20, 20, 26, 64])
(u'1128', [207, 70, 57, 35, 64, 118])
(u'2093', [141, 41, 32, 36, 38, 78])
(u'1120', [196, 58, 48, 44, 64, 156])
(u'1122', [194, 64, 42, 53, 52, 111])
(u'1124', [200, 77, 42, 42, 59, 172])
(u'1126', [190, 73, 46, 40, 64, 168])
(u'3654', [113, 34, 25, 26, 36, 53])
(u'2989', [120, 39, 27, 23, 40, 61])
(u'3029', [127, 43, 26, 23, 46, 104])
(u'2983', [123, 24, 34, 26, 44, 99])
(u'2099', [136, 40, 26, 37, 42, 112])
(u'3025', [131, 40, 22, 40, 42, 77])
(u'3023', [122, 42, 25, 29, 36, 113])
(u'2985', [111, 31, 35, 21, 32, 68])
(u'524', [241, 86, 51, 57, 72, 184])
(u'300', [349, 136, 86, 91, 109, 357])
(u'526', [277, 99, 64, 80, 84, 240])
(u'1018', [192, 63, 54, 39, 66, 111])
(u'522', [266, 85, 70, 78, 70, 223])
(u'1014', [198, 54, 58, 46, 65, 168])
(u'1016', [192, 68, 37, 40, 65, 153])
(u'1010', [207, 66, 45, 42, 76, 112])
(u'302', [354, 147, 83, 77, 131, 230])
(u'1012', [165, 48, 33, 39, 65, 98])
(u'1234', [152, 45, 39, 34, 48, 98])
(u'1236', [191, 66, 38, 42, 61, 141])
(u'1230', [176, 60, 41, 35, 57, 154])
(u'1232', [177, 54, 35, 50, 58, 102])
(u'4196', [98, 35, 17, 18, 35, 74])
(u'304', [364, 129, 82, 96, 130, 373])
(u'4194', [108, 21, 31, 24, 39, 56])
(u'1238', [191, 64, 30, 46, 72, 158])
(u'4190', [84, 22, 10, 19, 39, 55])
(u'4358', [111, 39, 24, 25, 35, 84])
(u'306', [333, 124, 70, 89, 113, 195])
(u'4354', [99, 42, 20, 20, 25, 56])
(u'4356', [88, 33, 16, 19, 26, 46])
(u'4350', [117, 35, 23, 23, 44, 64])
(u'4352', [104, 33, 26, 24, 31, 86])
(u'2488', [114, 40, 28, 22, 31, 61])
(u'4677', [101, 33, 28, 26, 23, 54])
(u'438', [311, 110, 77, 74, 109, 181])
(u'436', [321, 96, 93, 83, 106, 189])
(u'434', [292, 103, 84, 62, 102, 163])
(u'432', [291, 85, 83, 78, 101, 249])
(u'4903', [93, 25, 26, 25, 21, 81])
(u'430', [313, 115, 69, 84, 104, 273])
(u'3809', [123, 36, 36, 22, 38, 86])
(u'3805', [104, 40, 26, 18, 28, 51])
(u'2482', [137, 46, 30, 20, 46, 68])
(u'3807', [112, 27, 22, 27, 43, 62])
(u'3801', [98, 25, 22, 27, 29, 49])
(u'3803', [119, 35, 26, 26, 43, 64])
(u'1966', [148, 40, 33, 44, 45, 109])
(u'4907', [106, 35, 30, 16, 32, 56])
(u'2864', [133, 33, 39, 35, 37, 113])
(u'2868', [105, 32, 31, 27, 23, 84])
(u'1162', [183, 53, 47, 35, 66, 94])
(u'4776', [87, 28, 16, 19, 27, 49])
(u'4774', [103, 29, 21, 20, 38, 88])
(u'4772', [103, 32, 17, 25, 35, 56])
(u'4770', [88, 29, 15, 21, 24, 50])
(u'4778', [104, 30, 29, 17, 33, 48])
(u'4174', [101, 30, 21, 27, 32, 55])
(u'4176', [103, 31, 26, 22, 30, 63])
(u'4170', [92, 21, 23, 19, 32, 73])
(u'4172', [85, 30, 23, 16, 23, 66])
(u'4178', [106, 33, 24, 30, 29, 80])
(u'995', [209, 64, 50, 51, 65, 179])
(u'3065', [130, 36, 38, 26, 38, 69])
(u'2466', [147, 44, 30, 34, 49, 74])
(u'4619', [84, 27, 13, 24, 22, 63])
(u'238', [388, 131, 106, 102, 154, 352])
(u'234', [368, 143, 89, 106, 133, 234])
(u'991', [201, 67, 57, 35, 69, 112])
(u'236', [374, 136, 90, 85, 147, 228])
(u'230', [369, 123, 126, 84, 138, 222])
(u'3069', [139, 41, 34, 23, 53, 76])
(u'232', [349, 134, 88, 87, 105, 210])
(u'1098', [184, 60, 45, 50, 49, 103])
(u'993', [186, 60, 47, 48, 56, 146])
(u'2228', [156, 50, 29, 42, 46, 121])
(u'2226', [130, 34, 31, 32, 40, 97])
(u'2224', [135, 35, 30, 32, 51, 84])
(u'2222', [134, 48, 29, 22, 44, 66])
(u'2220', [136, 48, 30, 36, 35, 97])
(u'1', [1510, 1538, 998, 1063, 1476, 3686])
(u'2705', [132, 49, 27, 31, 34, 73])
(u'3058', [116, 29, 35, 24, 37, 54])
(u'4882', [93, 30, 26, 15, 27, 56])
(u'146', [486, 197, 126, 112, 187, 320])
(u'144', [456, 171, 116, 127, 201, 521])
(u'142', [453, 173, 121, 125, 165, 300])
(u'140', [487, 216, 122, 105, 177, 308])
(u'4884', [118, 32, 23, 29, 40, 64])
(u'148', [443, 170, 109, 124, 149, 476])
(u'4505', [107, 37, 29, 23, 24, 57])
(u'4507', [100, 27, 17, 32, 31, 71])
(u'4501', [99, 28, 30, 22, 24, 81])
(u'4886', [101, 29, 24, 24, 32, 79])
(u'4503', [110, 35, 28, 24, 29, 53])
(u'4509', [85, 29, 16, 18, 25, 47])
(u'120', [503, 169, 150, 146, 203, 337])
(u'2088', [135, 43, 30, 29, 46, 115])
(u'2082', [129, 33, 32, 30, 40, 61])
(u'2080', [158, 57, 34, 37, 44, 85])
(u'2086', [154, 43, 30, 35, 60, 123])
(u'122', [495, 196, 134, 136, 191, 342])
(u'2084', [143, 48, 38, 29, 43, 81])
(u'1537', [171, 60, 31, 48, 47, 83])
(u'3342', [96, 35, 21, 12, 32, 51])
(u'2538', [149, 42, 36, 30, 48, 83])
(u'2532', [133, 52, 23, 28, 42, 105])
(u'124', [501, 205, 142, 141, 169, 459])
(u'2530', [139, 55, 32, 27, 38, 75])
(u'2536', [150, 46, 40, 39, 41, 120])
(u'1193', [180, 62, 52, 45, 47, 153])
(u'2534', [121, 53, 25, 19, 37, 69])
(u'2712', [128, 38, 26, 24, 44, 92])
(u'2710', [103, 31, 29, 28, 29, 59])
(u'2716', [134, 39, 25, 30, 47, 72])
(u'126', [491, 195, 125, 136, 181, 472])
(u'2714', [138, 48, 29, 32, 37, 60])
(u'3346', [105, 35, 20, 27, 25, 90])
(u'2718', [138, 45, 22, 34, 51, 82])
(u'128', [520, 196, 118, 156, 204, 346])
(u'3344', [126, 35, 28, 29, 40, 84])
(u'1832', [146, 47, 33, 25, 56, 77])
(u'1830', [149, 46, 41, 22, 47, 112])
(u'3799', [115, 37, 29, 23, 34, 91])
(u'1834', [154, 61, 40, 27, 44, 82])
(u'3795', [93, 21, 21, 18, 37, 48])
(u'3797', [106, 34, 26, 27, 28, 83])
(u'3791', [124, 37, 24, 38, 39, 66])
(u'3793', [123, 40, 26, 21, 47, 59])
(u'4981', [85, 25, 17, 14, 36, 49])
(u'4983', [106, 33, 24, 23, 35, 48])
(u'2150', [140, 40, 29, 35, 53, 77])
(u'2152', [119, 46, 26, 26, 39, 95])
(u'4989', [91, 33, 23, 14, 27, 41])
(u'931', [231, 65, 58, 59, 76, 216])
(u'2158', [132, 42, 24, 35, 37, 97])
(u'2408', [123, 34, 23, 32, 43, 61])
(u'917', [210, 69, 53, 52, 62, 115])
(u'1955', [137, 38, 26, 41, 43, 70])
(u'1991', [148, 44, 31, 36, 46, 86])
(u'1957', [148, 39, 36, 33, 48, 117])
(u'1951', [162, 51, 34, 35, 52, 92])
(u'1953', [144, 41, 37, 31, 44, 102])
(u'1829', [149, 43, 24, 45, 56, 126])
(u'1959', [127, 43, 34, 24, 42, 77])
(u'3249', [118, 35, 26, 28, 38, 95])
(u'3243', [120, 26, 23, 36, 46, 104])
(u'3241', [123, 42, 33, 20, 34, 94])
(u'3247', [135, 38, 29, 28, 46, 103])
(u'3245', [123, 36, 31, 35, 36, 61])
(u'4404', [88, 29, 20, 17, 26, 54])
(u'829', [215, 58, 48, 56, 80, 126])
(u'4680', [91, 25, 21, 22, 29, 49])
(u'825', [226, 73, 56, 54, 75, 194])
(u'827', [194, 61, 52, 45, 60, 108])
(u'821', [215, 69, 60, 59, 68, 139])
(u'4406', [96, 31, 24, 24, 23, 58])
(u'823', [223, 71, 56, 56, 73, 123])
(u'4310', [102, 27, 27, 21, 34, 62])
(u'1821', [161, 57, 47, 26, 49, 86])
(u'4312', [84, 22, 19, 26, 27, 40])
(u'1483', [174, 53, 34, 52, 45, 105])
(u'1481', [169, 71, 30, 36, 50, 135])
(u'1487', [160, 54, 41, 42, 37, 86])
(u'4402', [95, 22, 21, 23, 35, 52])
(u'1485', [164, 43, 47, 38, 49, 83])
(u'3306', [134, 38, 31, 27, 45, 69])
(u'3304', [113, 38, 24, 22, 37, 66])
(u'3302', [116, 36, 23, 21, 40, 90])
(u'3300', [110, 35, 30, 14, 41, 88])
(u'1713', [153, 71, 28, 25, 51, 79])
(u'2147', [131, 32, 24, 36, 47, 69])
(u'795', [235, 85, 45, 62, 79, 181])
(u'793', [224, 59, 53, 51, 82, 134])
(u'791', [221, 76, 54, 57, 61, 181])
(u'1719', [145, 48, 27, 41, 42, 100])
(u'2413', [137, 35, 37, 39, 36, 67])
(u'799', [220, 67, 63, 54, 69, 136])
(u'612', [265, 83, 60, 58, 98, 214])
(u'2143', [146, 41, 34, 36, 53, 82])
(u'610', [238, 89, 48, 59, 79, 150])
(u'1139', [186, 66, 39, 53, 52, 99])
(u'2417', [126, 46, 22, 23, 43, 67])
(u'1133', [170, 47, 48, 38, 60, 166])
(u'616', [251, 94, 48, 60, 80, 157])
(u'1131', [205, 78, 47, 46, 56, 158])
(u'1137', [185, 58, 33, 37, 70, 148])
(u'1135', [221, 76, 43, 54, 68, 118])
(u'920', [190, 67, 45, 48, 53, 110])
(u'4257', [105, 32, 25, 20, 34, 55])
(u'922', [236, 60, 63, 68, 70, 145])
(u'3018', [137, 38, 39, 30, 41, 81])
(u'3012', [133, 44, 28, 23, 46, 107])
(u'4970', [117, 38, 33, 20, 31, 89])
(u'3010', [114, 34, 26, 29, 30, 62])
(u'3016', [117, 34, 31, 20, 38, 101])
(u'3014', [134, 39, 33, 28, 46, 113])
(u'519', [278, 93, 71, 58, 101, 159])
(u'4972', [102, 33, 22, 27, 28, 76])
(u'1009', [191, 68, 49, 40, 52, 175])
(u'511', [246, 81, 73, 48, 74, 146])
(u'513', [289, 87, 67, 73, 100, 228])
(u'515', [263, 82, 71, 69, 68, 203])
(u'1001', [202, 68, 45, 48, 70, 168])
(u'4189', [95, 28, 28, 21, 24, 52])
(u'621', [223, 66, 44, 64, 73, 181])
(u'627', [240, 83, 58, 56, 81, 206])
(u'1221', [191, 65, 44, 44, 58, 152])
(u'4181', [118, 36, 23, 19, 45, 102])
(u'4183', [100, 33, 18, 27, 29, 84])
(u'4185', [107, 35, 22, 25, 29, 91])
(u'1229', [138, 47, 30, 37, 42, 75])
(u'4349', [91, 35, 16, 21, 23, 75])
(u'4347', [89, 28, 22, 21, 26, 51])
(u'4345', [95, 34, 20, 20, 28, 54])
(u'4343', [100, 32, 27, 18, 32, 79])
(u'4341', [106, 23, 28, 19, 41, 82])
(u'2882', [123, 43, 21, 26, 40, 95])
(u'2880', [114, 34, 35, 17, 36, 61])
(u'2886', [106, 28, 30, 19, 34, 82])
(u'2884', [127, 41, 23, 31, 42, 64])
(u'2888', [129, 39, 34, 35, 34, 81])
(u'3878', [117, 26, 38, 29, 31, 58])
(u'3870', [94, 27, 21, 20, 33, 83])
(u'3872', [112, 39, 15, 26, 36, 58])
(u'3874', [126, 45, 27, 27, 36, 112])
(u'3876', [118, 39, 28, 27, 32, 87])
(u'2741', [125, 39, 32, 31, 30, 60])
(u'11', [1035, 598, 441, 416, 550, 998])
(u'3276', [120, 41, 25, 34, 31, 68])
(u'13', [1009, 566, 378, 378, 550, 1384])
(u'15', [1022, 525, 384, 394, 554, 929])
(u'17', [937, 491, 349, 340, 499, 880])
(u'19', [918, 452, 291, 337, 471, 771])
(u'3274', [103, 34, 27, 21, 27, 83])
(u'1924', [143, 40, 40, 35, 45, 120])
(u'3904', [99, 29, 21, 21, 33, 83])
(u'3906', [111, 30, 29, 32, 26, 100])
(u'3900', [106, 34, 24, 25, 31, 83])
(u'1926', [158, 59, 40, 29, 48, 129])
(u'3902', [113, 49, 20, 24, 28, 84])
(u'3908', [107, 37, 24, 20, 37, 97])
(u'4761', [106, 27, 24, 27, 34, 46])
(u'4763', [98, 29, 22, 18, 32, 79])
(u'4765', [86, 29, 21, 21, 22, 46])
(u'4767', [96, 24, 21, 21, 35, 71])
(u'4769', [112, 32, 36, 28, 28, 101])
(u'4167', [85, 32, 17, 14, 26, 59])
(u'4165', [99, 24, 18, 28, 35, 91])
(u'4163', [110, 33, 28, 21, 36, 55])
(u'4161', [86, 25, 22, 20, 22, 63])
(u'4169', [110, 34, 16, 24, 41, 64])
(u'201', [375, 153, 103, 91, 130, 205])
(u'3474', [122, 40, 30, 19, 41, 59])
(u'203', [393, 117, 115, 114, 153, 260])
(u'205', [411, 153, 102, 102, 152, 244])
(u'207', [403, 162, 116, 88, 155, 240])
(u'209', [398, 137, 112, 113, 156, 244])
(u'3476', [119, 34, 25, 32, 32, 64])
(u'1573', [172, 55, 36, 38, 60, 144])
(u'3470', [112, 35, 28, 35, 26, 88])
(u'687', [249, 82, 62, 56, 73, 132])
(u'2239', [122, 32, 29, 30, 42, 88])
(u'3472', [114, 28, 30, 27, 39, 88])
(u'2231', [136, 34, 31, 27, 52, 74])
(u'1577', [147, 47, 37, 41, 39, 82])
(u'2233', [149, 49, 31, 29, 47, 65])
(u'2235', [136, 45, 33, 30, 43, 79])
(u'2237', [142, 46, 33, 23, 56, 81])
(u'683', [217, 74, 63, 42, 71, 121])
(u'2185', [143, 38, 28, 38, 44, 83])
(u'3498', [105, 23, 28, 27, 37, 58])
(u'3496', [122, 40, 25, 27, 35, 87])
(u'3494', [120, 33, 28, 26, 39, 65])
(u'3492', [97, 30, 26, 14, 30, 72])
(u'3490', [112, 39, 20, 24, 42, 59])
(u'4570', [97, 27, 24, 22, 30, 58])
(u'4606', [82, 19, 17, 22, 32, 70])
(u'2097', [147, 50, 29, 39, 43, 127])
(u'3658', [89, 27, 18, 19, 33, 49])
(u'4576', [85, 34, 21, 13, 23, 42])
(u'4578', [107, 22, 23, 34, 36, 54])
(u'3656', [117, 32, 25, 31, 37, 87])
(u'3650', [106, 32, 24, 29, 28, 95])
(u'2189', [141, 52, 28, 23, 51, 79])
(u'3652', [100, 28, 22, 27, 31, 89])
(u'2525', [129, 40, 26, 27, 45, 65])
(u'4497', [105, 31, 24, 20, 32, 48])
(u'2527', [137, 45, 24, 28, 46, 103])
(u'2521', [139, 43, 31, 34, 43, 73])
(u'2523', [138, 37, 35, 35, 51, 77])
(u'223', [392, 159, 104, 80, 137, 226])
(u'2529', [140, 44, 32, 28, 44, 125])
(u'2664', [137, 39, 34, 32, 40, 77])
(u'221', [388, 119, 108, 105, 140, 234])
(u'4493', [101, 33, 20, 28, 24, 58])
(u'4888', [84, 27, 17, 15, 29, 37])
(u'2709', [129, 36, 33, 22, 46, 71])
(u'2660', [144, 42, 33, 26, 55, 81])
(u'4880', [97, 25, 20, 26, 37, 74])
(u'2707', [134, 42, 30, 26, 50, 78])
(u'2701', [135, 48, 35, 30, 35, 70])
(u'2703', [112, 34, 23, 27, 37, 69])
(u'4408', [83, 32, 17, 18, 23, 44])
(u'1825', [162, 51, 33, 41, 52, 77])
(u'1827', [158, 57, 32, 34, 44, 89])
(u'4400', [105, 39, 16, 25, 29, 57])
(u'1823', [153, 53, 41, 27, 49, 124])
(u'928', [203, 76, 52, 48, 54, 101])
(u'2145', [137, 54, 28, 31, 46, 109])
(u'4978', [98, 27, 30, 14, 30, 82])
(u'2668', [104, 34, 23, 17, 36, 52])
(u'2141', [147, 47, 28, 34, 49, 84])
(u'4974', [99, 37, 20, 23, 24, 74])
(u'4228', [112, 32, 28, 26, 31, 52])
(u'4976', [120, 39, 18, 25, 43, 95])
(u'924', [192, 68, 40, 46, 55, 113])
(u'926', [195, 64, 45, 51, 67, 168])
(u'2411', [116, 35, 24, 33, 37, 95])
(u'1920', [152, 58, 33, 28, 53, 79])
(u'494', [281, 102, 62, 70, 87, 156])
(u'1922', [146, 50, 28, 34, 53, 90])
(u'3272', [112, 38, 20, 27, 35, 53])
(u'3270', [131, 42, 32, 33, 36, 101])
(u'1928', [155, 44, 37, 43, 44, 84])
(u'496', [275, 94, 79, 67, 83, 231])
(u'3278', [121, 38, 26, 24, 40, 105])
(u'832', [219, 78, 51, 61, 60, 211])
(u'830', [245, 75, 54, 66, 81, 139])
(u'836', [204, 78, 40, 31, 82, 102])
(u'834', [214, 74, 47, 54, 68, 184])
(u'490', [280, 82, 74, 75, 101, 249])
(u'838', [204, 61, 57, 43, 77, 119])
(u'3478', [104, 39, 10, 28, 34, 63])
(u'3', [1310, 1006, 745, 703, 984, 2464])
(u'4222', [122, 37, 29, 28, 33, 100])
(u'3319', [110, 26, 29, 27, 35, 85])
(u'3311', [120, 33, 26, 31, 38, 94])
(u'3313', [111, 39, 22, 21, 41, 81])
(u'3315', [121, 39, 35, 26, 27, 69])
(u'3317', [106, 26, 26, 26, 33, 79])
(u'784', [224, 76, 57, 47, 71, 128])
(u'786', [222, 78, 59, 47, 71, 209])
(u'780', [205, 74, 52, 46, 62, 171])
(u'1728', [166, 57, 39, 36, 50, 93])
(u'3223', [101, 30, 28, 19, 30, 79])
(u'1726', [156, 52, 28, 37, 52, 90])
(u'1724', [159, 58, 41, 34, 40, 121])
(u'788', [241, 71, 64, 55, 84, 142])
(u'1720', [170, 53, 46, 36, 50, 128])
(u'2415', [121, 33, 21, 26, 51, 68])
(u'153', [426, 163, 113, 92, 164, 268])
(u'3005', [126, 39, 34, 23, 38, 101])
(u'62', [614, 244, 172, 179, 252, 418])
(u'64', [609, 258, 180, 185, 246, 465])
(u'3003', [122, 31, 32, 33, 33, 92])
(u'68', [603, 221, 174, 179, 277, 435])
(u'3009', [106, 44, 21, 23, 29, 60])
(u'407', [289, 95, 85, 61, 96, 261])
(u'1588', [173, 65, 36, 39, 51, 148])
(u'1582', [174, 45, 45, 38, 59, 137])
(u'1580', [162, 52, 43, 41, 44, 134])
(u'1586', [173, 51, 39, 48, 54, 136])
(u'405', [306, 100, 68, 68, 121, 260])
(u'1584', [160, 54, 34, 38, 47, 116])
(u'159', [433, 182, 105, 130, 165, 426])
(u'1038', [207, 64, 59, 47, 52, 104])
(u'508', [276, 97, 66, 52, 94, 149])
(u'1032', [179, 64, 49, 45, 50, 108])
(u'1375', [167, 60, 31, 34, 55, 88])
(u'1030', [213, 66, 47, 58, 78, 171])
(u'502', [248, 79, 63, 63, 80, 248])
(u'1034', [204, 78, 38, 47, 67, 197])
(u'630', [260, 106, 63, 48, 76, 234])
(u'632', [261, 91, 55, 58, 92, 247])
(u'1216', [199, 67, 51, 34, 66, 182])
(u'401', [295, 97, 87, 71, 101, 181])
(u'1214', [187, 65, 35, 39, 73, 103])
(u'638', [267, 88, 64, 64, 87, 221])
(u'1218', [174, 56, 43, 30, 65, 105])
(u'4378', [106, 30, 27, 22, 37, 53])
(u'4372', [106, 35, 21, 25, 32, 53])
(u'4370', [112, 33, 26, 26, 33, 58])
(u'4376', [101, 27, 21, 26, 30, 60])
(u'4374', [96, 23, 24, 26, 26, 52])
(u'2899', [129, 46, 29, 38, 28, 102])
(u'782', [210, 67, 50, 57, 62, 170])
(u'2895', [139, 40, 27, 38, 41, 109])
(u'2897', [129, 37, 26, 36, 36, 68])
(u'2891', [119, 40, 26, 33, 30, 66])
(u'2893', [112, 30, 24, 31, 41, 63])
(u'1106', [215, 61, 61, 41, 71, 122])
(u'1456', [182, 56, 46, 37, 62, 101])
(u'1102', [200, 56, 49, 53, 68, 129])
(u'1452', [189, 66, 41, 45, 53, 120])
(u'2419', [140, 50, 33, 28, 41, 65])
(u'1458', [150, 58, 26, 33, 53, 84])
(u'1108', [197, 59, 46, 49, 75, 174])
(u'4080', [109, 30, 19, 34, 35, 67])
(u'3869', [97, 32, 21, 24, 28, 74])
(u'4084', [121, 25, 24, 32, 46, 92])
(u'4455', [120, 29, 32, 27, 42, 115])
(u'4086', [111, 29, 28, 21, 40, 62])
(u'4088', [111, 36, 21, 23, 39, 56])
(u'1722', [165, 50, 42, 38, 48, 100])
(u'3861', [124, 41, 25, 25, 41, 96])
(u'3867', [114, 29, 24, 34, 32, 88])
(u'3865', [107, 26, 20, 27, 39, 88])
(u'1894', [121, 43, 21, 24, 40, 54])
(u'4459', [90, 27, 24, 16, 28, 51])
(u'3733', [137, 47, 27, 36, 32, 74])
(u'1892', [129, 45, 29, 27, 33, 71])
(u'3917', [111, 41, 24, 22, 32, 90])
(u'4923', [97, 24, 30, 21, 28, 54])
(u'3915', [105, 39, 19, 25, 28, 90])
(u'3913', [125, 35, 28, 30, 46, 97])
(u'3911', [106, 32, 15, 30, 35, 55])
(u'2134', [124, 41, 26, 32, 30, 90])
(u'3919', [110, 33, 18, 26, 41, 61])
(u'4798', [93, 27, 27, 13, 31, 82])
(u'4794', [94, 28, 22, 27, 28, 51])
(u'4695', [110, 31, 30, 17, 41, 55])
(u'4796', [112, 42, 17, 24, 40, 62])
(u'4790', [83, 21, 12, 23, 29, 72])
(u'4792', [97, 31, 25, 18, 33, 55])
(u'4152', [93, 27, 17, 22, 35, 52])
(u'4150', [100, 34, 24, 17, 30, 48])
(u'4156', [104, 27, 26, 28, 29, 51])
(u'2130', [143, 44, 32, 34, 44, 122])
(u'4154', [102, 28, 20, 26, 31, 59])
(u'4158', [110, 42, 19, 30, 35, 54])
(u'951', [199, 68, 37, 59, 57, 105])
(u'953', [219, 67, 51, 55, 75, 129])
(u'216', [405, 144, 84, 117, 142, 343])
(u'214', [395, 148, 92, 104, 148, 253])
(u'212', [380, 130, 108, 104, 133, 268])
(u'210', [400, 151, 94, 115, 139, 248])
(u'218', [393, 138, 107, 110, 128, 366])
(u'957', [210, 80, 46, 45, 65, 177])
(u'939', [203, 64, 46, 52, 62, 168])
(u'3489', [125, 41, 29, 19, 41, 74])
(u'3481', [125, 24, 31, 31, 45, 92])
(u'3483', [109, 37, 22, 27, 30, 67])
(u'3485', [112, 34, 21, 16, 44, 82])
(u'3487', [91, 24, 21, 23, 27, 64])
(u'4563', [92, 29, 24, 17, 34, 53])
(u'4561', [102, 28, 23, 30, 31, 56])
(u'4567', [97, 35, 18, 23, 27, 43])
(u'4565', [104, 34, 22, 20, 36, 61])
(u'3647', [103, 28, 30, 20, 31, 50])
(u'4569', [108, 41, 22, 19, 36, 94])
(u'3643', [107, 31, 23, 30, 29, 96])
(u'3641', [114, 35, 25, 29, 34, 61])
(u'2550', [109, 30, 28, 25, 34, 56])
(u'60', [638, 264, 193, 195, 253, 657])
(u'2552', [131, 39, 32, 30, 45, 101])
(u'2554', [144, 49, 30, 33, 44, 74])
(u'2556', [136, 47, 35, 21, 44, 113])
(u'2558', [132, 37, 30, 27, 46, 74])
(u'3007', [131, 34, 25, 36, 43, 56])
(u'2396', [130, 36, 39, 25, 43, 71])
(u'2394', [149, 44, 37, 35, 46, 118])
(u'2392', [146, 54, 29, 32, 45, 120])
(u'2390', [123, 54, 23, 17, 41, 100])
(u'3001', [138, 46, 28, 31, 42, 102])
(u'2398', [131, 39, 39, 31, 29, 73])
(u'2778', [132, 53, 24, 23, 39, 116])
(u'4899', [105, 29, 30, 20, 29, 54])
(u'66', [595, 260, 190, 175, 237, 614])
(u'4893', [90, 28, 20, 15, 32, 52])
(u'2772', [121, 38, 24, 28, 41, 93])
(u'4897', [95, 32, 22, 20, 24, 73])
(u'2776', [112, 43, 26, 23, 27, 62])
(u'2802', [125, 31, 29, 27, 49, 67])
(u'4901', [96, 28, 20, 20, 35, 85])
(u'2800', [128, 40, 34, 24, 39, 75])
(u'1858', [142, 51, 34, 25, 43, 83])
(u'4419', [108, 39, 23, 21, 30, 53])
(u'1850', [137, 42, 32, 33, 40, 71])
(u'2806', [125, 35, 20, 34, 43, 97])
(u'1852', [171, 57, 39, 31, 57, 86])
(u'1854', [156, 48, 37, 32, 55, 145])
(u'1856', [151, 51, 30, 32, 51, 86])
(u'2172', [134, 41, 31, 34, 42, 77])
(u'2170', [153, 48, 39, 34, 41, 116])
(u'919', [231, 69, 48, 58, 83, 187])
(u'3160', [111, 29, 27, 28, 38, 61])
(u'2174', [125, 45, 28, 32, 27, 109])
(u'4967', [75, 16, 24, 12, 25, 38])
(u'2178', [132, 43, 30, 25, 44, 70])
(u'911', [194, 60, 51, 42, 65, 183])
(u'913', [207, 61, 59, 48, 66, 128])
(u'2604', [138, 43, 23, 35, 42, 119])
(u'2606', [141, 41, 27, 31, 58, 110])
(u'2600', [131, 41, 25, 35, 36, 107])
(u'2602', [136, 42, 35, 28, 41, 106])
(u'2608', [158, 45, 28, 43, 55, 126])
(u'3261', [114, 47, 26, 24, 35, 69])
(u'3263', [132, 45, 27, 30, 39, 104])
(u'3265', [138, 42, 37, 22, 48, 78])
(u'3267', [123, 33, 29, 21, 44, 108])
(u'3269', [129, 43, 26, 30, 37, 117])
(u'1425', [173, 69, 38, 45, 47, 94])
(u'1939', [151, 53, 43, 31, 38, 82])
(u'1348', [167, 53, 38, 44, 51, 100])
(u'847', [228, 64, 51, 65, 69, 174])
(u'3465', [110, 43, 16, 27, 29, 88])
(u'843', [221, 69, 49, 56, 74, 124])
(u'841', [235, 84, 54, 52, 80, 136])
(u'933', [208, 53, 56, 49, 78, 130])
(u'4277', [111, 38, 25, 25, 30, 101])
(u'849', [208, 69, 49, 51, 66, 193])
(u'1429', [171, 58, 39, 44, 48, 165])
(u'2406', [137, 45, 25, 37, 40, 110])
(u'4905', [82, 23, 20, 18, 25, 47])
(u'1739', [135, 44, 41, 26, 41, 116])
(u'3702', [113, 34, 26, 23, 36, 53])
(u'1731', [135, 45, 26, 29, 49, 76])
(u'1733', [143, 50, 32, 42, 38, 114])
(u'1735', [151, 46, 31, 34, 50, 113])
(u'1737', [162, 51, 29, 38, 59, 84])
(u'753', [239, 81, 52, 75, 72, 133])
(u'3782', [118, 42, 26, 25, 37, 86])
(u'751', [217, 64, 57, 46, 70, 126])
(u'9', [1124, 690, 459, 475, 652, 1892])
(u'757', [227, 74, 61, 51, 76, 187])
(u'755', [245, 76, 65, 66, 71, 135])
(u'759', [219, 78, 49, 49, 66, 125])
(u'1805', [162, 57, 35, 42, 43, 85])
(u'3070', [98, 32, 17, 27, 27, 86])
(u'506', [264, 84, 57, 79, 78, 220])
(u'3072', [122, 30, 29, 25, 44, 90])
(u'3074', [95, 24, 28, 21, 30, 49])
(u'3076', [125, 42, 28, 32, 36, 69])
(u'2055', [157, 60, 40, 31, 40, 121])
(u'3078', [118, 31, 27, 28, 38, 66])
(u'3786', [101, 41, 22, 21, 29, 100])
(u'2956', [120, 31, 22, 25, 50, 101])
(u'1599', [179, 55, 50, 46, 44, 144])
(u'504', [264, 93, 60, 72, 87, 263])
(u'2952', [125, 34, 39, 25, 35, 73])
(u'1025', [191, 53, 29, 55, 73, 99])
(u'1027', [188, 60, 52, 48, 54, 155])
(u'1021', [198, 59, 50, 52, 60, 152])
(u'3784', [120, 39, 22, 25, 41, 57])
(u'1023', [195, 80, 39, 46, 51, 115])
(u'1036', [201, 50, 47, 50, 70, 104])
(u'1029', [202, 60, 43, 48, 69, 115])
(u'2402', [130, 41, 32, 23, 51, 75])
(u'500', [265, 94, 57, 75, 86, 171])
(u'605', [258, 79, 53, 78, 84, 245])
(u'1212', [194, 64, 44, 48, 53, 104])
(u'607', [259, 105, 56, 52, 91, 154])
(u'601', [251, 82, 66, 61, 84, 212])
(u'603', [282, 80, 68, 71, 105, 150])
(u'1205', [191, 62, 54, 43, 53, 106])
(u'1207', [183, 65, 32, 39, 71, 89])
(u'609', [227, 73, 54, 64, 74, 191])
(u'1210', [150, 40, 43, 37, 47, 105])
(u'1203', [176, 64, 36, 51, 45, 140])
(u'634', [269, 91, 60, 68, 88, 162])
(u'935', [201, 60, 43, 45, 77, 125])
(u'4279', [113, 33, 21, 29, 38, 58])
(u'2479', [140, 41, 37, 27, 47, 71])
(u'1362', [182, 55, 44, 36, 64, 149])
(u'3108', [110, 35, 19, 31, 32, 88])
(u'636', [237, 93, 66, 51, 78, 154])
(u'3104', [105, 34, 28, 25, 25, 81])
(u'3106', [116, 39, 21, 22, 48, 66])
(u'2400', [137, 47, 28, 29, 42, 120])
(u'3100', [114, 35, 21, 20, 46, 60])
(u'3102', [132, 49, 24, 34, 31, 117])
(u'1447', [169, 59, 41, 33, 47, 143])
(u'465', [283, 97, 66, 55, 103, 164])
(u'1445', [180, 57, 43, 52, 54, 173])
(u'1443', [169, 56, 43, 42, 38, 125])
(u'1441', [165, 51, 46, 37, 49, 135])
(u'1119', [221, 86, 50, 48, 61, 127])
(u'2006', [142, 35, 46, 29, 41, 83])
(u'1351', [179, 61, 32, 42, 65, 113])
(u'1449', [183, 62, 33, 47, 60, 146])
(u'4093', [86, 23, 21, 18, 30, 79])
(u'4091', [113, 36, 24, 27, 34, 64])
(u'4097', [110, 34, 30, 21, 34, 55])
(u'2004', [140, 42, 33, 30, 51, 118])
(u'4095', [105, 30, 22, 19, 37, 76])
(u'461', [288, 104, 61, 80, 103, 180])
(u'4099', [106, 33, 25, 19, 37, 88])
(u'4826', [103, 34, 17, 32, 29, 82])
(u'4857', [104, 32, 27, 29, 21, 54])
(u'463', [306, 99, 84, 76, 103, 176])
(u'489', [272, 85, 67, 60, 104, 236])
(u'487', [294, 100, 83, 71, 92, 289])
(u'485', [284, 102, 75, 64, 92, 236])
(u'483', [275, 108, 56, 72, 88, 164])
(u'2008', [156, 43, 31, 28, 67, 140])
(u'481', [285, 76, 72, 85, 99, 235])
(u'4853', [78, 26, 12, 22, 23, 43])
(u'2301', [137, 41, 24, 23, 55, 105])
(u'4851', [115, 31, 35, 31, 29, 58])
(u'2303', [141, 53, 30, 26, 48, 74])
(u'3922', [119, 37, 27, 25, 40, 91])
(u'3920', [94, 33, 21, 25, 23, 73])
(u'3926', [128, 41, 31, 32, 33, 91])
(u'3924', [95, 36, 21, 14, 28, 74])
(u'2305', [130, 44, 23, 28, 45, 103])
(u'3928', [104, 28, 29, 21, 35, 58])
(u'2307', [133, 54, 32, 27, 32, 77])
(u'4789', [95, 31, 22, 21, 25, 79])
(u'4787', [115, 34, 30, 22, 40, 66])
(u'4785', [116, 26, 24, 29, 43, 95])
(u'4783', [108, 38, 29, 22, 22, 63])
(u'4781', [95, 36, 18, 17, 27, 69])
(u'4149', [96, 36, 22, 14, 28, 74])
(u'4145', [111, 36, 21, 25, 35, 65])
(u'4147', [102, 40, 18, 24, 29, 97])
(u'4141', [102, 32, 20, 28, 26, 91])
(u'4143', [110, 35, 25, 21, 35, 75])
(u'3856', [112, 36, 26, 18, 40, 85])
(u'3854', [118, 42, 19, 21, 42, 60])
(u'3852', [118, 32, 20, 31, 43, 90])
(u'3850', [100, 21, 24, 23, 34, 79])
(u'3858', [112, 32, 25, 22, 42, 110])
(u'3665', [116, 45, 15, 29, 33, 61])
(u'456', [285, 119, 61, 71, 78, 175])
(u'199', [456, 169, 113, 130, 162, 296])
(u'195', [409, 151, 109, 96, 156, 279])
(u'197', [359, 140, 120, 83, 129, 249])
(u'191', [423, 159, 112, 116, 143, 356])
(u'193', [391, 158, 85, 111, 143, 351])
(u'3678', [108, 36, 24, 24, 32, 54])
(u'4558', [104, 40, 25, 21, 25, 63])
(u'4556', [107, 33, 23, 22, 32, 86])
(u'3670', [96, 36, 16, 20, 29, 75])
(u'3676', [88, 30, 20, 20, 26, 71])
(u'4550', [87, 24, 18, 26, 24, 40])
(u'2543', [121, 36, 24, 28, 45, 74])
(u'1454', [177, 63, 37, 44, 50, 92])
(u'2541', [126, 35, 23, 39, 39, 68])
(u'2547', [140, 45, 30, 31, 46, 112])
(u'2545', [128, 44, 26, 31, 41, 101])
(u'2549', [134, 49, 29, 22, 40, 74])
(u'1104', [178, 63, 41, 40, 59, 169])
(u'2381', [137, 48, 26, 30, 42, 69])
(u'2383', [139, 39, 36, 27, 50, 67])
(u'2385', [128, 34, 22, 33, 46, 111])
(u'2387', [140, 49, 27, 37, 43, 73])
(u'2389', [137, 57, 27, 27, 37, 120])
(u'1450', [173, 47, 52, 42, 51, 85])
(u'3580', [112, 27, 20, 33, 35, 61])
(u'2769', [143, 31, 35, 34, 51, 98])
(u'3584', [114, 41, 21, 26, 30, 61])
(u'1100', [187, 60, 41, 37, 68, 148])
(u'3586', [94, 31, 19, 22, 29, 61])
(u'2763', [109, 35, 33, 20, 30, 57])
(u'3669', [130, 43, 26, 30, 38, 100])
(u'2761', [113, 33, 31, 22, 35, 63])
(u'2767', [138, 45, 30, 30, 37, 61])
(u'2765', [139, 56, 31, 25, 38, 103])
(u'999', [198, 59, 50, 52, 65, 110])
(u'4260', [115, 37, 24, 27, 33, 63])
(u'902', [207, 68, 52, 43, 70, 202])
(u'4620', [114, 28, 27, 32, 36, 80])
(u'4428', [89, 29, 21, 20, 28, 53])
(u'906', [220, 77, 48, 44, 76, 118])
(u'904', [201, 81, 44, 47, 55, 169])
(u'4422', [103, 36, 25, 22, 31, 103])
(u'1841', [172, 47, 52, 37, 47, 80])
(u'1847', [165, 53, 41, 37, 52, 83])
(u'4622', [100, 28, 25, 22, 29, 57])
(u'4424', [89, 25, 21, 18, 29, 68])
(u'3250', [127, 39, 27, 19, 50, 73])
(u'4958', [90, 34, 9, 30, 22, 79])
(u'2169', [117, 45, 26, 22, 35, 70])
(u'2165', [140, 48, 30, 33, 41, 107])
(u'241', [385, 139, 97, 103, 139, 235])
(u'2167', [151, 48, 42, 23, 48, 82])
(u'4956', [99, 36, 14, 24, 28, 55])
(u'3252', [109, 37, 28, 19, 32, 65])
(u'2163', [144, 46, 30, 31, 48, 114])
(u'2617', [121, 34, 32, 27, 34, 95])
(u'2615', [118, 36, 27, 25, 35, 54])
(u'2613', [128, 42, 29, 29, 36, 67])
(u'4626', [93, 30, 24, 17, 27, 73])
(u'2611', [120, 36, 30, 19, 40, 87])
(u'3254', [122, 25, 28, 31, 47, 55])
(u'4082', [117, 30, 29, 28, 36, 61])
(u'2619', [113, 38, 34, 18, 32, 62])
(u'3298', [132, 46, 22, 26, 52, 71])
(u'3256', [120, 31, 28, 27, 42, 75])
(u'1908', [126, 38, 32, 19, 46, 66])
(u'1906', [158, 51, 33, 41, 43, 119])
(u'3296', [121, 41, 24, 34, 31, 65])
(u'3290', [113, 28, 30, 30, 31, 103])
(u'1900', [159, 58, 30, 29, 53, 84])
(u'854', [226, 65, 61, 54, 69, 116])
(u'856', [214, 67, 45, 53, 78, 177])
(u'3456', [96, 29, 23, 25, 23, 47])
(u'3454', [126, 41, 39, 31, 27, 106])
(u'3458', [114, 45, 25, 22, 30, 59])
(u'858', [219, 66, 61, 48, 71, 118])
(u'3863', [101, 44, 14, 16, 32, 61])
(u'4912', [84, 23, 18, 20, 26, 73])
(u'740', [220, 68, 51, 52, 78, 181])
(u'742', [217, 74, 50, 41, 77, 186])
(u'744', [240, 75, 56, 61, 79, 232])
(u'746', [228, 77, 58, 65, 61, 130])
(u'748', [226, 77, 49, 60, 53, 122])
(u'2912', [143, 41, 27, 38, 45, 79])
(u'3063', [131, 46, 25, 20, 50, 104])
(u'3061', [121, 35, 24, 31, 39, 66])
(u'3067', [113, 41, 15, 28, 37, 108])
(u'2949', [115, 31, 33, 21, 39, 87])
(u'2947', [108, 45, 26, 26, 29, 67])
(u'2945', [138, 44, 29, 29, 49, 82])
(u'2943', [109, 33, 25, 32, 29, 82])
(u'2941', [139, 55, 38, 19, 36, 108])
(u'1050', [213, 59, 57, 48, 73, 111])
(u'1052', [195, 65, 57, 53, 49, 158])
(u'1054', [209, 77, 48, 48, 73, 120])
(u'2916', [142, 45, 27, 30, 48, 72])
(u'1056', [186, 75, 45, 42, 50, 170])
(u'1058', [191, 56, 59, 38, 59, 107])
(u'1696', [158, 55, 34, 33, 49, 80])
(u'717', [248, 89, 60, 54, 88, 140])
(u'1694', [138, 45, 33, 30, 41, 75])
(u'1692', [152, 40, 37, 38, 51, 76])
(u'1690', [166, 54, 35, 29, 59, 122])
(u'614', [240, 74, 49, 63, 88, 209])
(u'1791', [161, 49, 33, 48, 47, 146])
(u'1698', [169, 53, 40, 34, 53, 87])
(u'1278', [180, 58, 31, 51, 58, 96])
(u'618', [245, 72, 62, 60, 85, 146])
(u'4314', [92, 26, 23, 22, 26, 69])
(u'4316', [83, 28, 17, 17, 24, 41])
(u'4318', [118, 28, 26, 29, 41, 105])
(u'1797', [163, 57, 34, 38, 56, 155])
(u'1272', [175, 63, 43, 35, 56, 86])
(u'1274', [182, 65, 39, 38, 60, 96])
(u'1276', [158, 40, 41, 36, 56, 86])
(u'1261', [190, 63, 47, 44, 57, 149])
(u'711', [222, 79, 59, 43, 67, 202])
(u'1490', [162, 43, 33, 41, 56, 77])
(u'3119', [123, 46, 27, 22, 34, 70])
(u'3117', [115, 40, 22, 28, 34, 71])
(u'3115', [114, 36, 21, 31, 31, 53])
(u'3113', [130, 40, 24, 33, 44, 69])
(u'3331', [111, 37, 25, 23, 35, 75])
(u'3111', [133, 38, 25, 36, 40, 118])
(u'1472', [177, 74, 31, 40, 52, 100])
(u'1470', [176, 61, 38, 48, 51, 103])
(u'1476', [171, 45, 42, 43, 57, 97])
(u'1474', [169, 61, 37, 37, 47, 134])
(u'3337', [131, 44, 31, 30, 33, 111])
(u'1478', [164, 54, 44, 36, 52, 91])
(u'1304', [204, 72, 42, 42, 72, 162])
(u'3593', [120, 41, 29, 22, 42, 75])
(u'1306', [170, 65, 38, 38, 52, 102])
(u'1300', [181, 57, 42, 49, 58, 96])
(u'3335', [106, 34, 19, 24, 34, 85])
(u'1302', [199, 61, 45, 34, 85, 153])
(u'1308', [181, 56, 52, 45, 41, 89])
(u'2596', [130, 49, 22, 28, 42, 74])
(u'498', [287, 77, 77, 79, 95, 246])
(u'4224', [97, 26, 21, 22, 30, 45])
(u'2590', [121, 34, 41, 27, 37, 69])
(u'4226', [112, 37, 19, 29, 35, 102])
(u'4220', [106, 26, 23, 26, 39, 55])
(u'492', [295, 102, 86, 67, 96, 315])
(u'24', [853, 433, 275, 287, 433, 1192])
(u'26', [855, 382, 307, 271, 409, 704])
(u'20', [933, 455, 379, 323, 451, 811])
(u'2592', [124, 41, 31, 26, 35, 97])
(u'22', [909, 420, 316, 294, 451, 738])
(u'28', [807, 398, 246, 279, 389, 651])
(u'3939', [108, 26, 23, 27, 38, 61])
(u'3935', [113, 37, 15, 30, 38, 62])
(u'3937', [112, 38, 24, 22, 37, 82])
(u'3931', [94, 34, 18, 19, 31, 80])
(u'3933', [120, 51, 23, 24, 34, 74])
(u'4138', [106, 44, 20, 24, 27, 78])
(u'4435', [96, 32, 17, 23, 29, 48])
(u'4130', [97, 32, 16, 24, 29, 64])
(u'4132', [125, 38, 28, 33, 31, 88])
(u'4134', [92, 25, 21, 14, 39, 79])
(u'4437', [104, 40, 23, 24, 24, 80])
(u'4136', [116, 32, 21, 27, 42, 62])
(u'3841', [100, 27, 25, 16, 35, 49])
(u'3843', [91, 27, 21, 18, 35, 47])
(u'3845', [108, 38, 16, 29, 31, 87])
(u'3847', [104, 29, 32, 23, 23, 53])
(u'3849', [113, 37, 22, 24, 38, 71])
(u'1872', [166, 49, 35, 37, 56, 124])
(u'2136', [147, 46, 30, 36, 52, 91])
(u'1870', [140, 42, 29, 32, 50, 70])
(u'4044', [116, 33, 27, 26, 34, 70])
(u'1603', [181, 67, 39, 29, 62, 146])
(u'4046', [105, 33, 23, 23, 30, 91])
(u'4040', [105, 34, 23, 20, 33, 80])
(u'4042', [95, 27, 19, 22, 33, 48])
(u'4048', [111, 35, 26, 26, 32, 79])
(u'7', [1162, 752, 522, 518, 706, 1797])
(u'2288', [128, 41, 24, 29, 42, 58])
(u'2051', [168, 42, 39, 45, 61, 99])
(u'3667', [111, 32, 25, 25, 39, 104])
(u'3661', [115, 35, 25, 21, 39, 93])
(u'3663', [113, 42, 24, 19, 36, 54])
(u'2280', [115, 49, 19, 26, 35, 67])
(u'2282', [139, 49, 30, 31, 39, 78])
(u'2284', [150, 52, 31, 41, 38, 87])
(u'4947', [102, 34, 16, 17, 38, 52])
(u'2286', [123, 36, 30, 34, 29, 85])
(u'4549', [108, 34, 24, 20, 36, 60])
(u'4541', [83, 24, 17, 20, 29, 74])
(u'4941', [93, 28, 27, 9, 31, 48])
(u'4543', [79, 28, 19, 19, 16, 66])
(u'4545', [107, 30, 20, 23, 39, 54])
(u'4547', [89, 24, 25, 18, 31, 43])
(u'2057', [164, 37, 40, 40, 58, 113])
(u'2578', [135, 49, 32, 21, 47, 112])
(u'2576', [123, 46, 17, 31, 37, 93])
(u'2574', [142, 44, 37, 19, 49, 118])
(u'2572', [150, 48, 34, 33, 42, 87])
(u'2570', [144, 36, 36, 32, 49, 114])
(u'4534', [93, 23, 23, 22, 32, 44])
(u'2378', [136, 49, 28, 30, 40, 67])
(u'2374', [125, 37, 25, 27, 43, 74])
(u'2376', [138, 47, 31, 23, 46, 70])
(u'4927', [80, 21, 16, 16, 29, 36])
(u'2370', [121, 38, 31, 21, 40, 100])
(u'3692', [104, 33, 23, 16, 35, 92])
(u'2372', [131, 32, 43, 33, 31, 92])
(u'2594', [133, 45, 29, 30, 42, 79])
(u'1087', [180, 59, 43, 42, 60, 140])
(u'3591', [102, 31, 27, 22, 32, 61])
(u'3597', [110, 32, 32, 28, 24, 100])
(u'3595', [111, 37, 26, 29, 30, 63])
(u'4530', [85, 23, 18, 19, 26, 44])
(u'3599', [96, 32, 20, 23, 32, 99])
(u'2598', [129, 38, 25, 26, 45, 79])
(u'593', [256, 101, 63, 46, 86, 131])
(u'1876', [144, 43, 28, 38, 49, 72])
(u'1874', [165, 54, 35, 37, 54, 83])
(u'4431', [107, 37, 23, 22, 29, 57])
(u'3696', [116, 35, 28, 31, 32, 87])
(u'4433', [101, 31, 28, 22, 25, 53])
(u'595', [234, 70, 52, 61, 83, 226])
(u'4439', [105, 36, 25, 19, 33, 60])
(u'1878', [154, 50, 39, 37, 42, 142])
(u'977', [201, 70, 48, 51, 52, 123])
(u'2118', [159, 52, 34, 39, 39, 80])
(u'975', [215, 73, 54, 56, 68, 167])
(u'973', [239, 93, 56, 49, 76, 201])
(u'597', [246, 63, 60, 61, 100, 155])
(u'971', [198, 62, 50, 40, 75, 114])
(u'4949', [90, 23, 17, 20, 36, 49])
(u'979', [195, 68, 46, 42, 71, 170])
(u'182', [404, 165, 97, 117, 154, 281])
(u'4321', [100, 30, 20, 27, 28, 71])
(u'180', [447, 171, 118, 99, 172, 295])
(u'186', [421, 159, 120, 104, 157, 273])
(u'184', [443, 159, 113, 117, 177, 271])
(u'4925', [98, 33, 21, 21, 31, 44])
(u'2110', [149, 45, 38, 39, 44, 86])
(u'2112', [143, 45, 33, 30, 49, 120])
(u'2114', [132, 46, 24, 34, 40, 100])
(u'2116', [140, 39, 36, 30, 50, 72])
(u'2622', [143, 37, 38, 28, 51, 126])
(u'2620', [137, 36, 39, 34, 37, 67])
(u'2626', [117, 29, 22, 39, 35, 90])
(u'2624', [133, 42, 31, 32, 38, 76])
(u'2628', [134, 43, 22, 26, 49, 70])
(u'1919', [148, 40, 44, 26, 51, 114])
(u'4327', [115, 32, 28, 30, 32, 87])
(u'3289', [117, 35, 24, 33, 34, 104])
(u'1911', [139, 43, 39, 28, 38, 125])
(u'1913', [145, 55, 37, 32, 41, 83])
(u'3283', [118, 39, 26, 24, 39, 66])
(u'188', [414, 145, 110, 109, 140, 264])
(u'3281', [119, 35, 21, 28, 39, 111])
(u'869', [229, 89, 50, 55, 76, 141])
(u'3449', [128, 48, 31, 27, 33, 95])
(u'3445', [108, 29, 21, 24, 44, 49])
(u'3447', [119, 31, 25, 24, 51, 82])
(u'3441', [103, 31, 23, 29, 27, 78])
(u'3443', [104, 23, 26, 24, 35, 75])
(u'2024', [143, 49, 34, 29, 44, 77])
(u'2754', [139, 52, 25, 30, 50, 75])
(u'2020', [165, 58, 40, 33, 49, 92])
(u'2750', [140, 48, 31, 36, 37, 108])
(u'3144', [123, 32, 29, 29, 40, 69])
(u'2028', [159, 57, 35, 44, 45, 93])
(u'2758', [144, 42, 41, 28, 42, 78])
(u'883', [218, 64, 51, 41, 95, 185])
(u'881', [200, 76, 56, 46, 50, 115])
(u'887', [201, 74, 41, 38, 70, 114])
(u'885', [202, 65, 55, 54, 57, 121])
(u'3728', [118, 35, 33, 18, 39, 69])
(u'889', [234, 84, 72, 47, 62, 137])
(u'2824', [126, 48, 18, 38, 39, 87])
(u'353', [316, 123, 80, 71, 108, 323])
(u'775', [225, 64, 49, 57, 83, 180])
(u'777', [218, 76, 53, 48, 65, 202])
(u'771', [237, 80, 42, 51, 98, 187])
(u'773', [228, 71, 57, 62, 74, 134])
(u'4596', [96, 28, 23, 17, 33, 49])
(u'779', [230, 72, 53, 49, 92, 140])
(u'77', [601, 250, 169, 168, 230, 686])
(u'75', [570, 214, 178, 161, 248, 406])
(u'73', [581, 229, 172, 184, 228, 600])
(u'71', [588, 237, 171, 165, 243, 419])
(u'2972', [129, 42, 27, 31, 42, 111])
(u'2970', [127, 36, 28, 30, 43, 70])
(u'3052', [117, 44, 26, 30, 29, 93])
(u'3050', [130, 36, 26, 31, 42, 67])
(u'1043', [195, 70, 50, 39, 56, 103])
(u'1041', [199, 58, 46, 64, 52, 159])
(u'1047', [192, 61, 39, 52, 61, 98])
(u'1045', [182, 59, 49, 41, 57, 144])
(u'1049', [185, 54, 49, 43, 57, 141])
(u'1681', [147, 43, 41, 31, 47, 84])
(u'3027', [105, 38, 23, 19, 35, 78])
(u'1683', [172, 52, 37, 36, 63, 136])
(u'1685', [156, 59, 34, 33, 42, 91])
(u'359', [300, 102, 74, 62, 114, 163])
(u'1687', [146, 48, 27, 40, 45, 74])
(u'1506', [160, 46, 35, 49, 50, 97])
(u'1689', [177, 53, 38, 52, 57, 106])
(u'2981', [117, 42, 19, 33, 27, 88])
(u'4303', [122, 38, 23, 21, 45, 62])
(u'4301', [119, 40, 22, 23, 39, 67])
(u'4307', [130, 45, 24, 23, 43, 93])
(u'669', [233, 74, 56, 66, 68, 130])
(u'4594', [90, 30, 20, 21, 28, 55])
(u'667', [235, 80, 52, 46, 94, 154])
(u'2987', [124, 34, 30, 30, 39, 67])
(u'665', [239, 62, 53, 71, 85, 192])
(u'663', [232, 82, 55, 60, 74, 236])
(u'661', [252, 89, 49, 66, 87, 154])
(u'3287', [102, 40, 17, 29, 24, 54])
(u'3021', [121, 34, 29, 28, 39, 54])
(u'3285', [127, 46, 30, 24, 36, 66])
(u'3128', [123, 42, 29, 22, 35, 113])
(u'3122', [108, 37, 28, 22, 27, 86])
(u'1915', [150, 47, 43, 30, 44, 76])
(u'3120', [130, 33, 38, 28, 39, 64])
(u'3126', [124, 41, 22, 27, 46, 114])
(u'3124', [128, 39, 25, 26, 44, 64])
(u'1469', [175, 57, 42, 30, 63, 93])
(u'1917', [146, 28, 33, 37, 61, 140])
(u'1465', [166, 52, 42, 38, 51, 89])
(u'520', [267, 86, 73, 66, 85, 152])
(u'1467', [156, 57, 32, 43, 39, 115])
(u'1461', [189, 61, 52, 38, 58, 150])
(u'1463', [149, 50, 30, 40, 43, 110])
(u'1317', [157, 47, 30, 44, 46, 79])
(u'1315', [188, 59, 35, 45, 69, 109])
(u'1313', [181, 48, 40, 47, 64, 108])
(u'1311', [184, 67, 43, 39, 57, 141])
(u'1319', [171, 50, 43, 37, 52, 150])
(u'4608', [94, 28, 20, 22, 27, 71])
(u'4239', [105, 39, 26, 25, 26, 84])
(u'4237', [115, 29, 25, 30, 37, 108])
(u'4235', [130, 37, 25, 34, 45, 95])
(u'4233', [100, 24, 24, 26, 37, 79])
(u'4231', [112, 30, 23, 26, 43, 88])
(u'528', [284, 101, 65, 82, 78, 173])
(u'861', [203, 60, 56, 46, 62, 160])
(u'863', [224, 71, 57, 59, 71, 166])
(u'3948', [99, 25, 23, 20, 38, 46])
(u'319', [307, 109, 83, 85, 92, 264])
(u'3940', [106, 34, 26, 23, 31, 58])
(u'865', [212, 71, 57, 39, 67, 113])
(u'311', [344, 120, 96, 93, 116, 303])
(u'3944', [96, 24, 18, 32, 30, 87])
(u'449', [283, 92, 75, 65, 93, 158])
(u'315', [331, 124, 84, 79, 119, 285])
(u'867', [219, 62, 42, 59, 74, 132])
(u'4211', [86, 34, 11, 29, 22, 45])
(u'2756', [120, 34, 23, 20, 52, 90])
(u'4129', [100, 32, 31, 21, 19, 79])
(u'4198', [108, 28, 19, 28, 42, 89])
(u'4123', [106, 28, 25, 28, 30, 80])
(u'4121', [106, 34, 17, 21, 38, 80])
(u'4127', [100, 38, 22, 17, 27, 79])
(u'2026', [150, 42, 40, 27, 51, 82])
(u'4125', [108, 31, 20, 25, 38, 55])
(u'443', [286, 86, 72, 73, 104, 161])
(u'4219', [114, 40, 25, 19, 41, 71])
(u'2752', [130, 51, 35, 34, 26, 80])
(u'441', [303, 117, 72, 62, 106, 176])
(u'4707', [80, 20, 19, 23, 21, 37])
(u'2022', [139, 48, 37, 30, 35, 126])
(u'4192', [95, 39, 20, 21, 25, 52])
(u'4604', [85, 32, 13, 20, 25, 65])
(u'2321', [150, 50, 30, 32, 47, 77])
(u'445', [271, 80, 66, 76, 87, 217])
(u'2327', [136, 43, 23, 34, 46, 73])
(u'4057', [97, 39, 18, 19, 28, 52])
(u'4055', [115, 38, 21, 22, 39, 55])
(u'4053', [118, 40, 32, 19, 37, 67])
(u'2325', [135, 39, 25, 29, 56, 76])
(u'4051', [120, 41, 28, 22, 38, 89])
(u'4059', [91, 20, 20, 24, 32, 71])
(u'3610', [96, 29, 21, 25, 25, 56])
(u'2299', [132, 35, 27, 39, 41, 101])
(u'3614', [121, 33, 25, 20, 54, 110])
(u'3616', [107, 30, 15, 34, 31, 93])
(u'2293', [148, 46, 30, 37, 56, 89])
(u'2291', [130, 43, 29, 28, 36, 67])
(u'2297', [134, 49, 28, 34, 40, 80])
(u'2295', [141, 47, 25, 33, 49, 100])
(u'2569', [132, 42, 27, 43, 34, 69])
(u'2561', [142, 45, 22, 33, 46, 113])
(u'2563', [141, 54, 40, 25, 38, 108])
(u'2565', [129, 32, 28, 33, 46, 89])
(u'2567', [138, 40, 24, 44, 36, 100])
(u'2369', [144, 48, 35, 35, 50, 123])
(u'2367', [133, 44, 34, 28, 35, 125])
(u'2365', [116, 41, 22, 33, 34, 90])
(u'2363', [151, 53, 32, 31, 46, 123])
(u'2361', [124, 37, 31, 29, 31, 73])
(u'2587', [113, 37, 28, 24, 34, 57])
(u'2585', [128, 35, 33, 29, 42, 58])
(u'2583', [144, 45, 29, 35, 43, 86])
(u'2581', [124, 42, 29, 23, 38, 91])
(u'2589', [143, 46, 33, 33, 41, 87])
(u'4440', [103, 33, 25, 25, 27, 78])
(u'281', [362, 133, 89, 77, 125, 221])
(u'4442', [81, 30, 19, 19, 18, 33])
(u'4444', [92, 26, 21, 19, 32, 51])
(u'1867', [152, 43, 39, 23, 58, 111])
(u'1869', [165, 54, 33, 37, 61, 94])
(u'3726', [110, 31, 25, 28, 29, 99])
(u'3720', [95, 38, 17, 23, 30, 62])
(u'3722', [106, 43, 21, 25, 24, 84])
(u'4686', [80, 25, 19, 20, 22, 48])
(u'4684', [112, 38, 19, 27, 37, 68])
(u'4682', [112, 24, 31, 29, 35, 99])
(u'4936', [94, 28, 19, 22, 32, 84])
(u'4938', [81, 27, 17, 20, 21, 61])
(u'968', [200, 72, 56, 43, 56, 129])
(u'4688', [92, 24, 19, 15, 41, 44])
(u'2109', [141, 41, 35, 32, 45, 71])
(u'2103', [132, 39, 27, 25, 59, 72])
(u'2101', [146, 43, 33, 36, 43, 80])
(u'2107', [137, 60, 26, 22, 40, 121])
(u'2105', [135, 47, 41, 28, 34, 64])
(u'2639', [123, 31, 35, 30, 36, 99])
(u'2635', [140, 39, 36, 31, 49, 82])
(u'2637', [143, 42, 34, 39, 36, 129])
(u'2631', [134, 38, 27, 37, 37, 73])
(u'2633', [123, 42, 26, 27, 33, 94])
(u'3438', [116, 34, 23, 27, 39, 98])
(u'3092', [101, 32, 23, 24, 28, 81])
(u'878', [228, 73, 42, 63, 79, 185])
(u'876', [218, 66, 46, 58, 66, 164])
(u'874', [205, 55, 63, 41, 72, 120])
(u'872', [214, 75, 57, 59, 56, 183])
(u'1243', [165, 64, 33, 42, 50, 80])
(u'3436', [115, 33, 23, 19, 42, 60])
(u'2037', [143, 43, 33, 34, 43, 76])
(u'2743', [99, 33, 20, 18, 31, 55])
(u'4848', [114, 36, 23, 28, 33, 56])
(u'2031', [133, 48, 29, 23, 45, 97])
(u'4844', [94, 22, 24, 21, 35, 54])
(u'3096', [118, 38, 23, 26, 40, 53])
(u'4846', [105, 31, 23, 23, 37, 98])
(u'4840', [100, 30, 22, 17, 39, 60])
(u'4842', [100, 28, 23, 22, 36, 60])
(u'890', [216, 63, 58, 46, 70, 122])
(u'892', [228, 66, 55, 49, 82, 113])
(u'894', [209, 86, 40, 53, 56, 167])
(u'3094', [114, 37, 33, 28, 32, 62])
(u'896', [222, 69, 58, 57, 77, 226])
(u'898', [197, 67, 49, 40, 61, 186])
(u'649', [247, 73, 65, 62, 84, 129])
(u'3236', [114, 37, 27, 28, 34, 60])
(u'3544', [114, 42, 21, 21, 39, 55])
(u'3546', [116, 35, 32, 34, 23, 45])
(u'3540', [126, 32, 26, 28, 49, 62])
(u'3234', [114, 35, 26, 23, 39, 61])
(u'3542', [111, 27, 29, 21, 38, 61])
(u'3548', [128, 38, 28, 28, 42, 100])
(u'641', [240, 83, 58, 55, 79, 131])
(u'1964', [151, 49, 33, 26, 58, 86])
(u'3238', [128, 38, 25, 28, 44, 71])
(u'2965', [105, 36, 25, 23, 30, 54])
(u'2967', [141, 54, 30, 21, 46, 66])
(u'2961', [113, 33, 28, 21, 35, 96])
(u'3649', [104, 24, 25, 21, 37, 77])
(u'2963', [129, 38, 34, 31, 31, 100])
(u'1780', [174, 55, 42, 33, 54, 84])
(u'1612', [162, 55, 33, 28, 56, 67])
(u'1782', [152, 63, 36, 31, 47, 144])
(u'766', [224, 79, 50, 57, 75, 200])
(u'764', [202, 71, 46, 51, 67, 127])
(u'3049', [140, 40, 44, 24, 41, 66])
(u'1962', [141, 44, 34, 29, 44, 81])
(u'3041', [114, 36, 28, 29, 33, 54])
(u'3043', [144, 40, 38, 30, 44, 72])
(u'3045', [141, 40, 35, 36, 41, 85])
(u'3645', [119, 37, 31, 17, 42, 90])
(u'3047', [116, 40, 23, 19, 37, 88])
(u'1078', [178, 50, 39, 42, 65, 100])
(u'1076', [197, 68, 42, 54, 56, 165])
(u'1535', [171, 54, 50, 24, 62, 91])
(u'1074', [198, 70, 51, 41, 61, 153])
(u'1072', [212, 63, 52, 51, 72, 120])
(u'1070', [197, 65, 47, 50, 66, 160])
(u'1678', [157, 52, 38, 37, 47, 122])
(u'1674', [167, 58, 34, 35, 51, 133])
(u'1676', [158, 53, 35, 37, 51, 121])
(u'1670', [157, 43, 42, 34, 56, 89])
(u'1672', [178, 54, 40, 46, 55, 92])
(u'1094', [192, 48, 51, 53, 63, 99])
(u'1096', [186, 63, 43, 40, 60, 102])
(u'1090', [165, 44, 32, 46, 64, 154])
(u'4338', [105, 34, 23, 22, 29, 60])
(u'4336', [103, 36, 19, 16, 37, 49])
(u'676', [231, 74, 50, 63, 82, 189])
(u'4332', [97, 20, 27, 24, 28, 53])
(u'4330', [98, 26, 23, 16, 37, 51])
(u'3135', [106, 34, 19, 26, 34, 102])
(u'3137', [122, 38, 27, 32, 37, 89])
(u'3131', [110, 25, 29, 20, 42, 52])
(u'3133', [118, 28, 27, 28, 47, 55])
(u'3139', [118, 35, 31, 17, 42, 99])
(u'645', [230, 82, 56, 64, 70, 188])
(u'1418', [171, 59, 43, 40, 47, 166])
(u'4642', [102, 29, 21, 24, 29, 53])
(u'1410', [163, 54, 40, 37, 52, 131])
(u'1412', [177, 60, 33, 49, 56, 168])
(u'1414', [161, 54, 34, 45, 45, 89])
(u'2493', [118, 38, 22, 18, 46, 64])
(u'1416', [195, 57, 46, 44, 64, 154])
(u'1322', [171, 53, 31, 38, 65, 128])
(u'1320', [195, 58, 51, 49, 54, 175])
(u'1326', [149, 42, 38, 41, 37, 119])
(u'1324', [156, 49, 36, 30, 57, 131])
(u'2495', [148, 37, 46, 32, 46, 92])
(u'1328', [179, 60, 41, 46, 50, 166])
(u'1621', [162, 58, 35, 36, 43, 79])
(u'4208', [109, 28, 22, 27, 38, 96])
(u'2497', [122, 46, 25, 20, 35, 73])
(u'4202', [137, 45, 23, 29, 46, 66])
(u'4200', [107, 40, 22, 18, 31, 65])
(u'4206', [94, 32, 18, 21, 30, 44])
(u'4204', [101, 31, 19, 20, 33, 76])
(u'647', [219, 88, 43, 57, 68, 128])
(u'1524', [156, 47, 44, 45, 32, 82])
(u'1254', [176, 58, 53, 38, 50, 105])
(u'1520', [182, 69, 42, 36, 48, 170])
(u'1250', [192, 64, 41, 53, 64, 105])
(u'1528', [166, 34, 49, 51, 49, 142])
(u'1258', [199, 59, 37, 56, 69, 122])
(u'308', [347, 128, 87, 85, 122, 298])
(u'3959', [93, 32, 22, 26, 20, 71])
(u'3953', [99, 34, 17, 23, 27, 58])
(u'1627', [149, 46, 41, 29, 48, 80])
(u'3951', [120, 28, 34, 27, 37, 106])
(u'3957', [91, 29, 17, 19, 32, 74])
(u'3955', [110, 23, 29, 31, 35, 85])
(u'4116', [111, 37, 19, 20, 40, 55])
(u'4114', [105, 26, 28, 23, 34, 73])
(u'4112', [96, 27, 23, 19, 33, 41])
(u'4110', [101, 23, 21, 26, 38, 83])
(u'4118', [107, 30, 18, 30, 33, 57])
(u'2978', [126, 34, 32, 33, 38, 96])
(u'4448', [99, 23, 27, 21, 31, 71])
(u'1625', [168, 57, 26, 43, 58, 108])
(u'988', [201, 59, 50, 50, 63, 97])
(u'3056', [132, 52, 23, 23, 50, 71])
(u'3054', [119, 46, 25, 18, 39, 66])
(u'3700', [115, 31, 26, 25, 40, 101])
(u'4062', [122, 51, 23, 24, 36, 72])
(u'4060', [103, 24, 25, 27, 32, 91])
(u'4066', [114, 42, 14, 27, 40, 51])
(u'4064', [89, 26, 22, 21, 28, 68])
(u'2976', [139, 46, 36, 30, 41, 77])
(u'4068', [108, 21, 22, 31, 37, 52])
(u'2770', [125, 34, 31, 26, 43, 100])
(u'79', [558, 217, 169, 151, 232, 398])
(u'4891', [101, 25, 20, 29, 34, 45])
(u'3603', [104, 31, 23, 28, 28, 80])
(u'3601', [121, 41, 24, 34, 36, 100])
(u'3607', [96, 25, 27, 18, 31, 81])
(u'3605', [111, 38, 24, 28, 29, 105])
(u'2774', [138, 49, 37, 19, 45, 107])
(u'3609', [125, 40, 28, 23, 37, 61])
(u'4895', [107, 29, 21, 25, 40, 59])
(u'623', [271, 88, 73, 63, 96, 230])
(u'4945', [81, 26, 21, 13, 25, 47])
(u'2990', [120, 41, 16, 22, 46, 85])
(u'2358', [143, 44, 27, 35, 52, 77])
(u'2352', [137, 43, 34, 25, 44, 84])
(u'2350', [135, 44, 27, 31, 39, 69])
(u'2356', [151, 48, 21, 48, 49, 120])
(u'2354', [136, 43, 26, 32, 44, 74])
(u'4453', [86, 28, 24, 18, 27, 79])
(u'4451', [90, 32, 18, 17, 28, 69])
(u'4457', [85, 23, 11, 24, 30, 52])
(u'3739', [120, 33, 28, 30, 36, 97])
(u'3737', [108, 45, 26, 21, 25, 60])
(u'3735', [114, 45, 18, 26, 31, 97])
(u'1890', [145, 55, 34, 26, 47, 83])
(u'3731', [114, 29, 19, 29, 43, 98])
(u'959', [199, 63, 53, 50, 61, 165])
(u'4921', [104, 28, 26, 22, 32, 51])
(u'2132', [157, 48, 38, 36, 51, 139])
(u'4697', [110, 38, 23, 24, 32, 60])
(u'4699', [94, 32, 13, 23, 34, 81])
(u'4929', [94, 26, 17, 29, 30, 79])
(u'955', [189, 62, 39, 49, 58, 110])
(u'2138', [142, 46, 33, 33, 41, 112])
(u'2648', [115, 34, 22, 24, 44, 96])
(u'4800', [79, 25, 20, 21, 16, 57])
(u'2640', [129, 45, 31, 27, 35, 97])
(u'2642', [142, 40, 34, 27, 47, 78])
(u'2644', [125, 41, 24, 32, 37, 71])
(u'4802', [96, 31, 27, 15, 27, 71])
(u'2646', [126, 44, 35, 20, 44, 81])
(u'2781', [110, 35, 18, 25, 41, 63])
(u'2994', [114, 37, 32, 22, 34, 61])
(u'3429', [111, 39, 20, 30, 32, 67])
(u'4806', [91, 33, 26, 14, 23, 80])
(u'3423', [116, 41, 25, 17, 39, 57])
(u'3421', [110, 31, 18, 34, 35, 62])
(u'3427', [110, 28, 31, 21, 41, 103])
(u'3425', [103, 32, 23, 19, 33, 75])
(u'2002', [156, 45, 41, 33, 49, 117])
(u'4417', [109, 32, 22, 27, 31, 91])
(u'2000', [165, 61, 31, 36, 54, 118])
(u'4589', [94, 33, 14, 22, 29, 63])
(u'4859', [111, 36, 23, 19, 39, 61])
(u'4585', [99, 32, 20, 20, 32, 50])
(u'4587', [94, 26, 20, 28, 27, 78])
(u'4581', [95, 29, 19, 21, 32, 41])
(u'4415', [83, 31, 21, 13, 24, 38])
(u'4583', [76, 20, 20, 18, 19, 62])
(u'4413', [105, 38, 21, 27, 24, 59])
(u'1269', [172, 56, 39, 50, 47, 85])
(u'4943', [106, 35, 23, 21, 35, 100])
(u'4411', [94, 31, 16, 31, 31, 81])
(u'2996', [113, 32, 26, 21, 43, 71])
(u'3557', [100, 30, 26, 19, 29, 52])
(u'3555', [112, 40, 24, 23, 29, 65])
(u'3553', [117, 43, 26, 21, 30, 68])
(u'4305', [101, 40, 25, 20, 25, 71])
(u'3551', [111, 33, 28, 25, 32, 82])
(u'3559', [111, 36, 25, 25, 35, 69])
(u'1263', [178, 49, 52, 45, 48, 141])
(u'2176', [124, 32, 29, 30, 45, 101])
(u'4309', [100, 31, 20, 20, 36, 47])
(u'2910', [109, 35, 23, 26, 34, 55])
(u'1799', [154, 52, 29, 35, 49, 68])
(u'2914', [135, 46, 27, 29, 46, 107])
(u'4969', [100, 31, 18, 25, 34, 73])
(u'719', [224, 67, 52, 61, 73, 143])
(u'2918', [123, 40, 24, 29, 37, 64])
(u'1267', [181, 57, 40, 50, 52, 164])
(u'715', [244, 70, 67, 59, 88, 152])
(u'713', [215, 75, 59, 46, 72, 179])
(u'1795', [168, 54, 30, 36, 59, 94])
(u'915', [201, 53, 56, 44, 69, 116])
(u'1265', [185, 68, 42, 38, 59, 174])
(u'4965', [79, 25, 9, 23, 28, 70])
(u'1069', [188, 52, 44, 46, 62, 149])
(u'1061', [216, 66, 54, 54, 69, 197])
(u'4963', [100, 29, 16, 25, 33, 71])
(u'1063', [194, 63, 56, 45, 59, 124])
(u'1065', [200, 57, 47, 52, 61, 104])
(u'1067', [189, 65, 47, 45, 61, 155])
(u'4961', [98, 27, 21, 28, 25, 78])
(u'1669', [151, 54, 36, 33, 42, 118])
(u'1667', [151, 54, 34, 26, 55, 85])
(u'1665', [174, 54, 45, 46, 51, 92])
(u'1663', [164, 47, 29, 44, 57, 85])
(u'1661', [166, 49, 41, 46, 39, 76])
(u'4329', [103, 29, 23, 24, 39, 62])
(u'1085', [173, 57, 33, 42, 56, 136])
(u'1083', [200, 68, 43, 50, 61, 119])
(u'1081', [201, 61, 53, 42, 73, 166])
(u'599', [264, 88, 59, 63, 92, 149])
(u'4323', [86, 24, 18, 23, 27, 47])
(u'4325', [94, 24, 20, 28, 31, 55])
(u'1089', [201, 76, 38, 45, 66, 156])
(u'3140', [115, 30, 27, 24, 40, 97])
(u'3142', [144, 48, 31, 40, 41, 121])
(u'2828', [125, 38, 26, 38, 32, 65])
(u'3146', [118, 34, 30, 24, 36, 104])
(u'3148', [115, 34, 25, 24, 36, 93])
(u'2826', [115, 39, 15, 33, 34, 106])
(u'2820', [119, 35, 29, 33, 32, 63])
(u'2822', [106, 35, 16, 34, 32, 60])
(u'3386', [115, 42, 20, 32, 30, 78])
(u'3384', [131, 38, 32, 23, 46, 72])
(u'3382', [123, 36, 27, 26, 42, 104])
(u'3380', [108, 27, 17, 20, 45, 60])
(u'1359', [192, 69, 43, 31, 68, 109])
(u'3388', [114, 34, 28, 30, 36, 95])
(u'1409', [183, 72, 43, 35, 57, 110])
(u'1403', [179, 59, 38, 33, 68, 172])
(u'1401', [181, 61, 36, 49, 58, 139])
(u'1407', [166, 45, 27, 45, 59, 123])
(u'1405', [181, 54, 43, 50, 56, 132])
(u'1630', [178, 69, 39, 39, 54, 108])
(u'4215', [124, 36, 25, 27, 40, 91])
(u'692', [260, 104, 67, 57, 81, 136])
(u'4217', [91, 25, 19, 19, 31, 40])
(u'1339', [172, 60, 31, 47, 55, 94])
(u'4213', [89, 30, 18, 18, 27, 65])
(u'1335', [189, 64, 33, 45, 63, 110])
(u'1337', [168, 53, 30, 46, 59, 92])
(u'447', [280, 95, 65, 64, 96, 160])
(u'690', [229, 80, 61, 55, 73, 133])
(u'1333', [179, 56, 48, 36, 50, 103])
(u'696', [232, 81, 62, 46, 82, 234])
(u'1933', [137, 43, 28, 36, 41, 104])
(u'39', [723, 333, 192, 241, 317, 894])
(u'694', [246, 91, 64, 60, 80, 156])
(u'33', [784, 343, 248, 251, 362, 596])
(u'31', [807, 364, 273, 262, 428, 633])
(u'37', [730, 334, 228, 241, 317, 559])
(u'1931', [150, 51, 30, 31, 58, 125])
(u'35', [778, 346, 262, 258, 361, 881])
(u'1241', [188, 55, 54, 31, 65, 140])
(u'3090', [109, 31, 29, 24, 35, 94])
(u'1245', [200, 66, 47, 39, 67, 109])
(u'1531', [169, 58, 38, 31, 57, 100])
(u'1249', [178, 59, 43, 41, 59, 100])
(u'1937', [135, 38, 30, 30, 49, 75])
(u'3098', [127, 50, 29, 19, 35, 63])
(u'1539', [175, 56, 34, 42, 55, 128])
(u'339', [291, 120, 51, 86, 97, 169])
(u'1935', [154, 56, 36, 25, 60, 135])
(u'335', [326, 120, 75, 87, 123, 271])
(u'337', [334, 104, 93, 81, 113, 282])
(u'331', [304, 92, 82, 87, 101, 180])
(u'333', [328, 119, 84, 78, 100, 184])
(u'4101', [100, 28, 26, 22, 31, 85])
(u'4103', [111, 33, 19, 25, 42, 86])
(u'4105', [106, 32, 21, 25, 37, 91])
(u'4107', [116, 37, 28, 26, 32, 54])
(u'4109', [97, 27, 21, 20, 37, 47])
(u'3898', [115, 37, 29, 25, 31, 82])
(u'2062', [143, 48, 32, 32, 43, 78])
(u'3892', [105, 32, 24, 26, 30, 61])
(u'3890', [96, 29, 16, 32, 28, 92])
(u'3896', [100, 34, 24, 11, 38, 83])
(u'2149', [156, 47, 29, 32, 54, 78])
(u'3894', [100, 34, 24, 16, 32, 55])
(u'3467', [139, 44, 33, 31, 37, 105])
(u'1533', [135, 30, 45, 33, 38, 77])
(u'845', [242, 87, 61, 48, 78, 146])
(u'3463', [114, 34, 23, 29, 35, 65])
(u'4079', [109, 33, 20, 28, 36, 54])
(u'3461', [122, 31, 25, 36, 39, 63])
(u'4075', [136, 40, 33, 25, 48, 107])
(u'4077', [93, 23, 24, 23, 31, 73])
(u'4071', [79, 26, 15, 19, 25, 45])
(u'4073', [102, 30, 20, 29, 30, 48])
(u'3966', [114, 33, 23, 35, 37, 59])
(u'2064', [137, 38, 32, 39, 36, 69])
(u'3964', [108, 37, 17, 33, 25, 87])
(u'3962', [115, 33, 20, 34, 39, 106])
(u'3960', [101, 32, 21, 19, 34, 60])
(u'3968', [119, 24, 30, 25, 46, 54])
(u'3638', [107, 38, 30, 26, 27, 90])
(u'3636', [122, 33, 21, 27, 47, 57])
(u'3634', [122, 34, 28, 32, 39, 92])
(u'3632', [102, 30, 17, 27, 34, 76])
(u'3630', [129, 50, 24, 37, 34, 79])
(u'4611', [85, 23, 21, 20, 26, 44])
(u'3469', [115, 34, 29, 23, 34, 55])
(u'4613', [94, 31, 15, 24, 28, 50])
(u'2345', [145, 52, 24, 33, 48, 82])
(u'2347', [147, 44, 36, 30, 48, 110])
(u'2341', [145, 41, 32, 38, 46, 82])
(u'2343', [132, 45, 36, 29, 42, 101])
(u'4615', [80, 26, 18, 20, 22, 40])
(u'2349', [138, 44, 20, 32, 52, 125])
(u'2673', [121, 44, 20, 25, 38, 101])
(u'4617', [97, 33, 21, 22, 25, 53])
(u'3708', [123, 36, 23, 35, 36, 98])
(u'4468', [98, 30, 18, 25, 29, 55])
(u'4466', [108, 39, 18, 30, 26, 53])
(u'4464', [95, 26, 16, 23, 38, 47])
(u'4462', [119, 33, 30, 21, 44, 95])
(u'3704', [99, 32, 24, 32, 20, 54])
(u'2121', [147, 49, 45, 32, 29, 108])
(u'2123', [156, 45, 39, 32, 57, 140])
(u'4668', [89, 25, 19, 25, 21, 73])
(u'4918', [99, 30, 22, 20, 32, 73])
(u'4916', [95, 28, 21, 11, 40, 52])
(u'4914', [108, 37, 34, 22, 28, 65])
(u'942', [193, 53, 44, 53, 67, 151])
(u'4910', [84, 24, 19, 20, 23, 47])
(u'3038', [115, 32, 27, 24, 39, 70])
(u'2659', [119, 43, 22, 22, 42, 59])
(u'2653', [120, 39, 22, 23, 43, 60])
(u'2651', [128, 37, 29, 29, 44, 74])
(u'2657', [128, 38, 33, 26, 44, 121])
(u'2655', [104, 36, 19, 19, 33, 55])
(u'133', [530, 196, 121, 165, 202, 335])
(u'131', [464, 181, 130, 121, 170, 313])
(u'3412', [121, 30, 24, 32, 38, 67])
(u'135', [474, 172, 126, 135, 180, 323])
(u'139', [475, 167, 133, 133, 186, 318])
(u'3418', [132, 42, 32, 28, 41, 71])
(u'4868', [99, 30, 22, 25, 29, 74])
(u'2019', [144, 39, 33, 36, 55, 89])
(u'4862', [129, 33, 28, 32, 46, 105])
(u'2017', [166, 53, 35, 34, 53, 83])
(u'4866', [103, 33, 21, 29, 27, 94])
(u'2013', [136, 44, 27, 32, 45, 72])
(u'2129', [140, 47, 33, 32, 39, 72])
(u'3562', [118, 34, 30, 24, 40, 71])
(u'3560', [117, 30, 29, 27, 36, 62])
(u'3566', [112, 39, 26, 24, 34, 84])
(u'3564', [118, 31, 26, 31, 37, 63])
(u'3568', [126, 50, 20, 29, 40, 77])
(u'4484', [103, 31, 29, 20, 29, 79])
(u'4486', [125, 38, 27, 24, 47, 64])
(u'4480', [100, 27, 23, 27, 29, 52])
(u'4482', [97, 27, 23, 30, 23, 50])
(u'4488', [114, 34, 19, 25, 42, 59])
(u'2903', [120, 41, 24, 29, 41, 93])
(u'2901', [126, 38, 28, 29, 40, 77])
(u'708', [216, 72, 46, 54, 77, 130])
(u'2905', [117, 31, 28, 32, 36, 60])
(u'704', [223, 66, 51, 57, 80, 122])
(u'2909', [119, 33, 22, 22, 49, 55])
(u'700', [234, 77, 59, 63, 74, 191])
(u'702', [249, 63, 68, 53, 93, 193])
(u'88', [551, 192, 158, 163, 214, 368])
(u'82', [535, 214, 158, 151, 237, 367])
(u'80', [555, 238, 165, 163, 208, 566])
(u'86', [538, 199, 150, 121, 242, 509])
(u'84', [559, 214, 155, 170, 223, 543])
(u'3036', [119, 33, 26, 34, 34, 62])
(u'1658', [152, 48, 32, 35, 44, 127])
(u'1652', [142, 46, 37, 39, 35, 113])
(u'410', [304, 103, 73, 75, 110, 296])
(u'1650', [160, 65, 38, 34, 40, 79])
(u'1656', [148, 39, 35, 42, 45, 84])
(u'1654', [161, 54, 38, 40, 45, 83])
(u'586', [256, 80, 79, 60, 77, 148])
(u'3214', [126, 43, 22, 25, 45, 75])
(u'584', [288, 100, 76, 61, 103, 172])
(u'582', [248, 94, 55, 66, 83, 153])
(u'580', [268, 96, 54, 70, 97, 166])
(u'1984', [148, 51, 32, 43, 40, 75])
(u'588', [263, 92, 57, 70, 85, 158])
(u'3153', [109, 45, 22, 23, 22, 78])
(u'3151', [118, 41, 24, 16, 46, 62])
(u'3157', [115, 31, 24, 25, 40, 53])
(u'3155', [132, 40, 28, 26, 48, 97])
(u'2837', [125, 38, 19, 24, 51, 72])
(u'1634', [154, 48, 39, 40, 41, 84])
(u'2835', [139, 43, 27, 32, 47, 69])
(u'2833', [133, 36, 28, 26, 47, 103])
(u'2831', [126, 36, 27, 31, 41, 105])
(u'1436', [159, 46, 31, 39, 54, 141])
(u'3393', [122, 36, 20, 29, 45, 71])
(u'1432', [190, 55, 36, 43, 66, 97])
(u'1980', [134, 43, 22, 36, 42, 104])
(u'1430', [181, 52, 45, 42, 63, 103])
(u'3399', [121, 41, 28, 28, 35, 73])
(u'1380', [198, 65, 40, 46, 63, 163])
(u'1438', [166, 57, 35, 46, 48, 86])
(u'458', [284, 100, 63, 66, 100, 164])
(u'4262', [96, 25, 26, 19, 37, 77])
(u'4264', [88, 25, 18, 15, 33, 45])
(u'1889', [172, 52, 41, 41, 57, 95])
(u'4266', [112, 26, 27, 25, 38, 86])
(u'4268', [92, 24, 25, 16, 30, 71])
(u'452', [296, 109, 63, 69, 117, 294])
(u'454', [268, 108, 66, 63, 72, 142])
(u'1346', [182, 56, 42, 45, 56, 113])
(u'1887', [162, 54, 30, 40, 49, 131])
(u'564', [217, 76, 50, 59, 75, 181])
(u'1885', [148, 51, 31, 38, 37, 92])
(u'3706', [119, 35, 26, 24, 42, 69])
(u'1502', [182, 50, 45, 37, 65, 148])
(u'313', [336, 111, 88, 91, 131, 224])
(u'1500', [151, 47, 29, 31, 59, 114])
(u'652', [258, 88, 73, 62, 91, 151])
(u'4460', [120, 34, 30, 24, 38, 91])
(u'1504', [159, 48, 38, 32, 55, 131])
(u'3085', [120, 43, 27, 28, 29, 64])
(u'1508', [151, 51, 36, 30, 48, 120])
(u'3081', [120, 36, 28, 25, 34, 104])
(u'3942', [97, 33, 20, 15, 31, 74])
(u'658', [239, 69, 61, 49, 89, 195])
(u'317', [338, 129, 76, 85, 124, 204])
(u'1898', [157, 51, 26, 31, 55, 104])
(u'3946', [106, 30, 28, 22, 36, 92])
(u'2125', [146, 43, 27, 39, 47, 64])
(u'3885', [103, 30, 26, 22, 35, 59])
(u'3887', [98, 35, 20, 19, 29, 55])
(u'3881', [110, 33, 28, 27, 34, 59])
(u'2127', [149, 42, 29, 38, 53, 78])
(u'3883', [108, 37, 21, 16, 38, 56])
(u'3889', [114, 31, 21, 25, 41, 62])
(u'946', [214, 68, 42, 60, 65, 114])
(u'4666', [72, 24, 15, 13, 24, 37])
(u'568', [239, 82, 61, 62, 73, 125])
(u'4660', [100, 30, 18, 27, 34, 75])
(u'940', [220, 74, 46, 56, 72, 118])
(u'1883', [162, 46, 35, 38, 58, 123])
(u'4008', [120, 35, 30, 22, 37, 70])
(u'4000', [107, 37, 15, 26, 33, 46])
(u'4002', [95, 36, 19, 20, 23, 67])
(u'4004', [104, 31, 23, 20, 35, 80])
(u'4006', [96, 29, 23, 27, 22, 49])
(u'322', [338, 111, 85, 85, 122, 293])
(u'3973', [89, 24, 24, 28, 23, 68])
(u'3975', [116, 31, 28, 19, 46, 101])
(u'3977', [103, 22, 22, 30, 36, 63])
(u'3979', [117, 37, 29, 24, 33, 64])
(u'328', [345, 115, 84, 107, 127, 306])
(u'3629', [115, 37, 29, 23, 34, 92])
(u'3621', [112, 35, 20, 31, 33, 94])
(u'948', [195, 61, 54, 46, 58, 124])
(u'3623', [101, 30, 17, 26, 33, 82])
(u'3625', [110, 36, 25, 24, 37, 59])
(u'1340', [196, 69, 40, 43, 64, 168])
(u'1881', [154, 57, 32, 32, 46, 77])
(u'2011', [165, 59, 33, 27, 56, 86])
(u'4714', [94, 17, 19, 23, 37, 54])
(u'1595', [157, 50, 34, 32, 54, 118])
(u'2332', [133, 47, 26, 29, 43, 70])
(u'2334', [109, 33, 25, 26, 37, 95])
(u'4712', [95, 32, 14, 17, 40, 88])
(u'2338', [154, 55, 39, 29, 44, 73])
(u'4718', [92, 38, 14, 16, 29, 67])
(u'1597', [163, 65, 32, 38, 43, 84])
(u'1591', [171, 64, 36, 40, 47, 85])
(u'2958', [106, 28, 26, 28, 32, 53])
(u'3715', [111, 33, 21, 20, 44, 88])
(u'3717', [103, 27, 26, 23, 36, 80])
(u'3711', [103, 35, 21, 23, 32, 49])
(u'1593', [165, 68, 28, 38, 44, 104])
(u'3713', [81, 27, 18, 14, 27, 42])
(u'1342', [173, 60, 36, 42, 53, 102])
(u'3719', [103, 27, 26, 16, 43, 62])
(u'4479', [97, 31, 23, 18, 28, 49])
(u'2954', [133, 45, 23, 30, 43, 72])
(u'4471', [68, 29, 10, 18, 16, 36])
(u'4473', [86, 28, 22, 17, 22, 53])
(u'4475', [99, 36, 22, 21, 26, 77])
(u'4477', [104, 36, 20, 19, 33, 56])
(u'4909', [92, 26, 20, 21, 26, 69])
(u'4679', [89, 41, 16, 13, 27, 87])
(u'2486', [108, 33, 26, 29, 28, 52])
(u'2950', [141, 45, 25, 36, 45, 75])
(u'2484', [134, 45, 35, 30, 37, 71])
(u'4673', [97, 27, 21, 19, 36, 71])
(u'2480', [156, 44, 34, 33, 50, 78])
(u'2248', [144, 50, 22, 23, 57, 83])
(u'2244', [152, 52, 36, 38, 44, 82])
(u'2246', [146, 51, 27, 30, 46, 61])
(u'2240', [140, 55, 37, 29, 37, 135])
(u'2242', [151, 40, 34, 36, 52, 109])
(u'2464', [139, 46, 27, 28, 51, 108])
(u'944', [197, 64, 41, 53, 61, 112])
(u'997', [224, 77, 56, 46, 76, 132])
(u'2460', [128, 37, 23, 31, 50, 104])
(u'2462', [134, 39, 38, 31, 37, 124])
(u'2468', [148, 55, 37, 28, 35, 110])
(u'3401', [122, 43, 26, 27, 32, 90])
(u'3403', [121, 43, 27, 27, 37, 71])
(u'3405', [116, 38, 24, 22, 38, 101])
(u'3407', [117, 35, 27, 34, 31, 94])
(u'3409', [99, 30, 16, 28, 32, 46])
(u'4875', [97, 25, 20, 21, 33, 77])
(u'3416', [102, 34, 23, 23, 28, 54])
(u'4877', [88, 26, 24, 23, 26, 51])
(u'4871', [83, 24, 17, 17, 29, 70])
(u'1188', [191, 70, 38, 39, 65, 102])
(u'4873', [102, 32, 22, 24, 29, 47])
(u'4879', [88, 22, 14, 19, 36, 41])
(u'3414', [127, 43, 27, 30, 36, 65])
(u'2068', [152, 41, 46, 40, 41, 89])
(u'3377', [121, 36, 36, 29, 29, 63])
(u'2798', [118, 33, 28, 27, 32, 53])
(u'2792', [145, 39, 38, 27, 47, 105])
(u'137', [499, 166, 161, 141, 166, 313])
(u'2790', [136, 36, 34, 34, 46, 74])
(u'2796', [119, 27, 25, 32, 42, 87])
(u'3375', [112, 39, 20, 27, 29, 63])
(u'2066', [135, 39, 29, 35, 45, 67])
(u'3410', [104, 38, 16, 27, 27, 78])
(u'1182', [193, 71, 43, 46, 55, 119])
(u'1180', [192, 70, 55, 48, 54, 167])
(u'3579', [115, 22, 39, 27, 36, 103])
(u'3575', [103, 44, 22, 20, 25, 53])
(u'3577', [118, 41, 30, 19, 38, 75])
(u'3571', [112, 28, 32, 25, 37, 72])
(u'3573', [100, 31, 17, 24, 33, 79])
(u'2666', [125, 38, 32, 24, 44, 119])
(u'4495', [111, 35, 25, 28, 26, 89])
(u'2662', [112, 40, 25, 27, 32, 67])
(u'4491', [106, 34, 29, 23, 20, 56])
(u'722', [248, 91, 64, 50, 69, 184])
(u'4499', [90, 28, 17, 22, 26, 44])
(u'2938', [122, 31, 32, 27, 39, 58])
(u'2936', [117, 35, 17, 32, 43, 109])
(u'2934', [129, 45, 32, 24, 37, 66])
(u'2932', [133, 33, 39, 31, 42, 63])
(u'2930', [127, 39, 30, 32, 36, 75])
(u'1836', [160, 57, 36, 28, 62, 91])
(u'1645', [171, 42, 54, 35, 55, 137])
(u'1647', [151, 39, 29, 44, 49, 129])
(u'1641', [163, 57, 38, 36, 48, 137])
(u'1643', [157, 56, 33, 37, 48, 96])
(u'1649', [171, 56, 33, 35, 63, 138])
(u'728', [206, 61, 46, 56, 70, 157])
(u'1838', [154, 56, 28, 37, 44, 81])
(u'4365', [88, 31, 19, 13, 31, 45])
(u'579', [265, 86, 64, 56, 103, 139])
(u'1270', [214, 72, 50, 49, 76, 119])
(u'573', [235, 87, 58, 55, 75, 133])
(u'571', [234, 74, 54, 59, 87, 194])
(u'577', [256, 87, 56, 55, 94, 221])
(u'4367', [104, 33, 22, 21, 31, 61])
(u'575', [286, 96, 70, 60, 106, 240])
(u'2808', [131, 40, 23, 36, 39, 63])
(u'3168', [130, 51, 30, 24, 36, 67])
(u'3166', [116, 34, 31, 19, 39, 70])
(u'4361', [94, 29, 19, 24, 30, 60])
(u'3164', [144, 61, 30, 29, 38, 132])
(u'3162', [116, 41, 27, 18, 37, 67])
(u'2804', [113, 33, 25, 25, 32, 55])
(u'1421', [172, 63, 37, 41, 46, 92])
(u'2154', [141, 39, 31, 28, 51, 128])
(u'1423', [171, 43, 37, 40, 69, 99])
(u'3368', [104, 29, 25, 23, 31, 80])
(u'4363', [107, 25, 29, 31, 24, 61])
(u'1427', [150, 46, 31, 38, 46, 138])
(u'3364', [101, 40, 17, 18, 34, 90])
(u'3366', [113, 28, 30, 31, 30, 62])
(u'3360', [119, 35, 35, 26, 30, 67])
(u'2404', [120, 43, 28, 20, 37, 60])
(u'3362', [122, 35, 29, 22, 40, 60])
(u'731', [231, 68, 66, 62, 66, 193])
(u'733', [242, 81, 64, 58, 72, 184])
(u'735', [233, 70, 55, 50, 84, 185])
(u'737', [243, 79, 50, 58, 87, 130])
(u'739', [225, 86, 55, 36, 82, 213])
(u'4985', [91, 31, 11, 29, 23, 49])
(u'4273', [93, 27, 16, 26, 29, 47])
(u'4271', [101, 30, 20, 33, 30, 66])
(u'469', [257, 88, 60, 65, 86, 225])
(u'4987', [95, 22, 17, 25, 33, 84])
(u'4275', [103, 37, 17, 24, 31, 87])
(u'1353', [181, 73, 33, 40, 57, 102])
(u'4369', [103, 32, 26, 18, 32, 78])
(u'467', [296, 90, 70, 71, 116, 245])
(u'1357', [161, 58, 46, 25, 49, 150])
(u'1355', [181, 56, 41, 41, 60, 102])
(u'2015', [157, 42, 32, 41, 48, 90])
(u'4860', [87, 24, 19, 24, 28, 64])
(u'937', [217, 53, 59, 44, 84, 132])
(u'1519', [181, 66, 31, 43, 51, 105])
(u'4864', [104, 26, 22, 30, 30, 59])
(u'1515', [169, 66, 38, 28, 61, 91])
(u'1517', [193, 49, 55, 43, 60, 146])
(u'1511', [176, 58, 34, 47, 54, 160])
(u'1513', [170, 53, 44, 45, 44, 94])
(u'3184', [121, 47, 20, 23, 36, 58])
(u'3186', [107, 29, 21, 25, 38, 67])
(u'3180', [122, 41, 25, 18, 44, 65])
(u'3182', [112, 27, 22, 27, 44, 70])
(u'3188', [106, 35, 33, 17, 26, 77])
(u'1896', [154, 45, 43, 35, 51, 95])
(u'4019', [102, 33, 22, 24, 28, 55])
(u'4013', [121, 37, 21, 36, 33, 62])
(u'4011', [98, 30, 23, 24, 27, 54])
(u'4017', [96, 30, 21, 25, 31, 53])
(u'4015', [94, 27, 16, 22, 32, 53])
(u'357', [294, 96, 68, 73, 113, 170])
(u'355', [303, 94, 86, 74, 113, 186])
(u'3988', [124, 34, 32, 30, 36, 96])
(u'351', [329, 119, 80, 65, 118, 266])
(u'3984', [94, 24, 22, 24, 29, 49])
(u'4420', [111, 36, 23, 26, 29, 60])
(u'3986', [112, 39, 22, 23, 42, 90])
(u'3980', [111, 35, 31, 33, 22, 83])
(u'3982', [109, 32, 22, 25, 31, 59])
(u'3612', [90, 33, 17, 19, 26, 75])
(u'4855', [103, 33, 22, 24, 29, 91])
(u'2323', [123, 43, 18, 23, 46, 60])
(u'1111', [197, 63, 47, 50, 58, 115])
(u'4705', [109, 35, 30, 19, 32, 92])
(u'4703', [85, 22, 22, 18, 27, 45])
(u'4701', [98, 34, 22, 15, 30, 74])
(u'2329', [142, 43, 31, 26, 50, 81])
(u'1113', [203, 51, 54, 41, 73, 162])
(u'4709', [93, 28, 25, 17, 28, 47])
(u'289', [342, 113, 78, 96, 130, 286])
(u'3618', [134, 44, 21, 34, 43, 104])
(u'1793', [159, 52, 26, 41, 53, 93])
(u'5', [1288, 860, 599, 639, 862, 1493])
(u'283', [351, 140, 91, 103, 110, 214])
(u'285', [307, 112, 83, 78, 114, 180])
(u'287', [347, 120, 87, 90, 127, 214])
(u'3760', [109, 30, 22, 28, 35, 61])
(u'3762', [127, 40, 35, 29, 35, 98])
(u'3764', [121, 37, 28, 24, 38, 63])
(u'1117', [200, 64, 46, 42, 68, 163])
(u'3766', [117, 31, 33, 31, 29, 94])
(u'3768', [108, 26, 30, 25, 33, 81])
(u'263', [361, 136, 100, 86, 132, 254])
(u'1560', [135, 50, 28, 32, 40, 78])
(u'261', [360, 132, 87, 103, 121, 231])
(u'267', [385, 138, 87, 109, 138, 236])
(u'265', [363, 135, 95, 100, 120, 237])
(u'269', [333, 130, 80, 62, 123, 276])
(u'1562', [171, 60, 36, 38, 53, 88])
(u'2499', [154, 51, 44, 28, 44, 84])
(u'4633', [98, 24, 25, 25, 32, 78])
(u'4648', [99, 32, 26, 23, 25, 47])
(u'3225', [111, 37, 21, 25, 33, 55])
(u'2491', [142, 50, 40, 23, 38, 78])
(u'1296', [164, 60, 37, 31, 57, 92])
(u'4640', [116, 31, 34, 20, 42, 56])
(u'4646', [111, 30, 20, 28, 42, 55])
(u'258', [332, 115, 75, 90, 123, 333])
(u'4644', [91, 20, 25, 16, 34, 57])
(u'1294', [178, 59, 40, 39, 56, 103])
(u'2259', [135, 46, 28, 27, 48, 66])
(u'2257', [139, 51, 33, 27, 38, 69])
(u'4637', [99, 27, 24, 20, 35, 59])
(u'2255', [152, 50, 26, 35, 53, 88])
(u'2253', [116, 41, 29, 19, 39, 109])
(u'2251', [124, 42, 21, 32, 39, 101])
(u'2477', [142, 51, 33, 34, 36, 112])
(u'2475', [139, 42, 28, 26, 53, 106])
(u'2473', [130, 38, 30, 29, 41, 94])
(u'4635', [114, 33, 23, 21, 41, 65])
(u'2471', [138, 53, 26, 24, 46, 114])
(u'982', [199, 69, 64, 46, 52, 168])
(u'980', [196, 78, 38, 34, 74, 179])
(u'986', [226, 76, 42, 56, 74, 177])
(u'984', [206, 70, 40, 47, 66, 160])
(u'115', [512, 197, 126, 141, 209, 341])
(u'252', [364, 129, 92, 85, 135, 217])
(u'117', [501, 204, 122, 119, 195, 466])
(u'111', [491, 204, 125, 134, 206, 366])
(u'113', [506, 198, 150, 147, 189, 344])
(u'119', [496, 197, 132, 135, 185, 467])
(u'4639', [85, 33, 19, 13, 29, 45])
(u'2785', [130, 50, 25, 26, 36, 69])
(u'2787', [119, 34, 33, 19, 48, 65])
(u'4804', [91, 31, 24, 18, 24, 84])
(u'2783', [137, 50, 38, 21, 35, 78])
(u'4808', [94, 26, 22, 20, 29, 72])
(u'2789', [136, 45, 34, 24, 43, 108])
(u'2079', [152, 46, 34, 34, 45, 81])
(u'1331', [173, 63, 42, 38, 50, 150])
(u'2073', [155, 53, 25, 34, 52, 83])
(u'2071', [138, 51, 33, 34, 35, 77])
(u'2077', [180, 67, 29, 34, 63, 138])
(u'2075', [150, 53, 43, 32, 39, 123])
(u'3687', [112, 31, 21, 25, 44, 60])
(u'3221', [116, 42, 32, 20, 34, 63])
(u'3508', [110, 31, 29, 25, 37, 61])
(u'3500', [108, 27, 29, 21, 39, 56])
(u'3502', [104, 39, 23, 15, 33, 80])
(u'3504', [127, 33, 31, 29, 45, 79])
(u'3506', [111, 25, 17, 31, 40, 88])
(u'2671', [117, 28, 24, 33, 40, 94])
(u'2060', [136, 42, 32, 26, 44, 69])
(u'2675', [126, 36, 33, 32, 41, 109])
(u'2677', [127, 38, 23, 35, 45, 105])
(u'2679', [117, 38, 27, 32, 30, 108])
(u'1209', [198, 64, 60, 41, 51, 150])
(u'2929', [118, 31, 24, 33, 37, 69])
(u'2921', [139, 44, 27, 29, 45, 111])
(u'2923', [118, 37, 29, 27, 31, 63])
(u'2925', [148, 49, 29, 44, 37, 70])
(u'2927', [120, 35, 27, 26, 38, 57])
(u'3685', [108, 35, 21, 23, 34, 78])
(u'2907', [123, 40, 20, 28, 42, 66])
(u'1986', [138, 52, 32, 26, 42, 65])
(u'1632', [176, 53, 40, 39, 60, 94])
(u'1982', [146, 55, 31, 36, 42, 111])
(u'1636', [163, 52, 41, 32, 53, 98])
(u'1638', [177, 66, 43, 41, 44, 110])
(u'3218', [90, 26, 14, 24, 30, 50])
(u'1988', [148, 49, 29, 46, 45, 83])
(u'706', [234, 79, 56, 52, 92, 129])
(u'2815', [127, 35, 35, 33, 32, 96])
(u'2817', [141, 49, 38, 24, 40, 119])
(u'2811', [129, 39, 32, 27, 34, 64])
(u'2813', [113, 29, 27, 28, 42, 68])
(u'560', [265, 80, 62, 75, 82, 225])
(u'562', [271, 77, 72, 71, 79, 146])
(u'2819', [139, 44, 28, 31, 47, 72])
(u'566', [263, 86, 72, 49, 89, 135])
(u'3179', [102, 26, 17, 34, 32, 86])
(u'3171', [130, 34, 32, 33, 43, 100])
(u'3173', [135, 43, 25, 31, 44, 95])
(u'3175', [100, 28, 25, 21, 35, 86])
(u'3177', [121, 33, 28, 26, 39, 94])
(u'3379', [115, 32, 21, 26, 37, 86])
(u'1186', [177, 53, 48, 38, 54, 97])
(u'1184', [185, 67, 35, 45, 63, 109])
(u'3373', [116, 43, 23, 24, 38, 62])
(u'3371', [133, 46, 26, 28, 44, 119])
(u'726', [224, 71, 56, 55, 76, 131])
(u'724', [233, 80, 59, 59, 71, 133])
(u'1748', [159, 56, 28, 37, 60, 136])
(u'720', [224, 74, 46, 60, 77, 136])
(u'1744', [151, 45, 27, 37, 53, 76])
(u'1746', [180, 44, 51, 43, 58, 103])
(u'1740', [168, 51, 40, 34, 57, 144])
(u'1742', [169, 60, 29, 36, 60, 96])
(u'1164', [196, 66, 31, 53, 62, 116])
(u'1166', [189, 62, 47, 35, 71, 107])
(u'1160', [204, 65, 43, 46, 73, 201])
(u'3308', [115, 37, 39, 20, 27, 58])
(u'4248', [106, 44, 20, 21, 27, 52])
(u'4246', [87, 28, 14, 17, 28, 70])
(u'4244', [111, 36, 23, 30, 33, 84])
(u'4242', [90, 21, 19, 29, 23, 44])
(u'4240', [98, 31, 15, 21, 38, 41])
(u'2035', [144, 46, 27, 35, 52, 75])
(u'1489', [174, 72, 46, 36, 41, 144])
(u'472', [302, 111, 76, 79, 88, 165])
(u'48', [696, 310, 217, 223, 277, 503])
(u'46', [707, 293, 251, 191, 285, 478])
(u'44', [720, 312, 224, 261, 282, 776])
(u'42', [710, 310, 239, 236, 327, 536])
(u'3195', [103, 35, 20, 24, 35, 78])
(u'40', [719, 312, 243, 226, 290, 787])
(u'1568', [156, 43, 45, 36, 48, 81])
(u'1298', [193, 67, 64, 37, 49, 122])
(u'1292', [175, 54, 41, 44, 58, 106])
(u'476', [296, 108, 79, 59, 104, 156])
(u'1290', [174, 57, 38, 39, 62, 135])
(u'1564', [158, 56, 35, 29, 55, 115])
(u'1566', [172, 55, 28, 46, 57, 146])
(u'797', [213, 77, 48, 47, 67, 119])
(u'1360', [163, 50, 41, 32, 54, 94])
(u'591', [247, 86, 65, 64, 74, 215])
(u'2033', [134, 42, 28, 29, 45, 81])
(u'1711', [154, 58, 25, 38, 48, 120])
(u'1717', [175, 45, 43, 44, 68, 150])
(u'4398', [93, 29, 17, 23, 35, 78])
(u'1861', [141, 35, 32, 38, 52, 76])
(u'1715', [155, 58, 38, 37, 42, 121])
(u'4390', [114, 34, 26, 25, 33, 57])
(u'4392', [104, 35, 23, 23, 30, 57])
(u'4394', [121, 39, 21, 27, 37, 68])
(u'1863', [144, 47, 33, 31, 52, 79])
(u'4396', [101, 41, 19, 21, 32, 86])
(u'3197', [111, 44, 24, 21, 32, 66])
(u'964', [183, 66, 49, 34, 51, 103])
(u'470', [282, 83, 75, 66, 101, 274])
(u'3193', [130, 42, 22, 35, 36, 91])
(u'3199', [129, 37, 23, 34, 41, 61])
(u'3191', [101, 28, 28, 23, 34, 82])
(u'1865', [170, 53, 48, 30, 55, 101])
(u'478', [271, 94, 62, 63, 95, 167])
(u'1368', [180, 66, 39, 35, 61, 106])
